Name MedThrow
Animate die
Frame 0.0
0.21877307, 0.5846562, 0.78122693
0.5846562, 0.56245387, -0.5846562
-0.78122693, 0.5846562, -0.21877313
(20.0, 50.0, 0.0)
Frame 0.044
-0.40066147, -0.20086677, 0.89393693
0.47870147, 0.7860214, 0.39117163
-0.78122693, 0.58465624, -0.21877325
(19.271997, 49.956, 0.0)
Frame 0.055
-0.4843632, -0.34663922, 0.8032644
0.3937981, 0.7334974, 0.55398977
-0.7812269, 0.58465624, -0.21877325
(19.139997, 49.93778, 0.0)
Frame 0.071
-0.57389367, -0.53476495, 0.6202197
0.245623, 0.61008495, 0.75330323
-0.7812269, 0.5846562, -0.21877337
(18.947996, 49.909447, 0.0)
Frame 0.086
-0.61782515, -0.674011, 0.40497077
0.089313, 0.45153767, 0.8877708
-0.7812269, 0.58465624, -0.21877337
(18.767996, 49.878002, 0.0)
Frame 0.104
-0.6153077, -0.7802997, 0.11193213
-0.10526705, 0.2220574, 0.9693345
-0.78122675, 0.58465624, -0.21877348
(18.551994, 49.835114, 0.0)
Frame 0.120000005
-0.56273365, -0.8112807, -0.15860143
-0.270214, -7.9250336E-4, 0.9627999
-0.78122675, 0.58465624, -0.21877337
(18.359995, 49.791115, 0.0)
Frame 0.136
-0.46687818, -0.7798643, -0.41693676
-0.4143783, -0.22358155, 0.8822142
-0.78122675, 0.58465624, -0.21877337
(18.167994, 49.742004, 0.0)
Frame 0.15300001
-0.3259058, -0.68090004, -0.65586644
-0.53241926, -0.44108105, 0.7224802
-0.7812268, 0.58465624, -0.2187736
(17.963993, 49.68445, 0.0)
Frame 0.17000002
-0.15665936, -0.5228644, -0.83789647
-0.6042703, -0.62031424, 0.5000676
-0.78122675, 0.58465624, -0.21877337
(17.759993, 49.621113, 0.0)
Frame 0.18600002
0.015328765, -0.33238688, -0.94301856
-0.6240592, -0.74006486, 0.25070745
-0.78122675, 0.5846563, -0.21877337
(17.567991, 49.556004, 0.0)
Frame 0.20300002
0.19647074, -0.102366015, -0.97515154
-0.5925234, -0.8047972, -0.03489679
-0.78122675, 0.5846563, -0.21877337
(17.36399, 49.481445, 0.0)
Frame 0.21900003
0.35165286, 0.12260927, -0.9280663
-0.5157761, -0.8019624, -0.30138162
-0.7812267, 0.5846561, -0.21877337
(17.17199, 49.40578, 0.0)
Frame 0.23600003
0.48665994, 0.35092625, -0.80000806
-0.3909563, -0.7314558, -0.5586817
-0.78122675, 0.58465624, -0.21877337
(16.967989, 49.320004, 0.0)
Frame 0.25300002
0.57944727, 0.54879874, -0.6025453
-0.23221916, -0.5974922, -0.7675137
-0.7812267, 0.5846563, -0.2187736
(16.763988, 49.228447, 0.0)
Frame 0.27
0.6219647, 0.69906056, -0.352809
-0.053336054, -0.41169322, -0.90976036
-0.7812267, 0.58465624, -0.21877348
(16.559988, 49.13111, 0.0)
Frame 0.286
0.61269516, 0.7852496, -0.089374185
0.119538605, -0.2038629, -0.971674
-0.7812267, 0.5846563, -0.21877348
(16.367987, 49.034004, 0.0)
Frame 0.303
0.5512929, 0.81057894, 0.19758019
0.29284954, 0.03374672, -0.95556283
-0.78122675, 0.58465636, -0.21877337
(16.163986, 48.925446, 0.0)
Frame 0.32
0.44206357, 0.76558685, 0.4673934
0.44075453, 0.2684285, -0.8565521
-0.78122675, 0.58465624, -0.21877337
(15.959986, 48.811115, 0.0)
Frame 0.336
0.30400974, 0.6624209, 0.68467253
0.54521817, 0.46837533, -0.6952421
-0.7812267, 0.5846563, -0.21877337
(15.767986, 48.698006, 0.0)
Frame 0.353
0.13198423, 0.49723548, 0.857518
0.61013526, 0.6410412, -0.4656191
-0.7812267, 0.58465636, -0.2187736
(15.563986, 48.57245, 0.0)
Frame 0.36999997
-0.05149126, 0.28891248, 0.9559697
0.6221202, 0.758094, -0.19560143
-0.78122663, 0.58465636, -0.21877348
(15.359986, 48.441116, 0.0)
Frame 0.38599998
-0.22037756, 0.06959045, 0.97292906
0.5840538, 0.8082908, 0.07447925
-0.7812266, 0.5846565, -0.21877372
(15.167987, 48.312004, 0.0)
Frame 0.40299997
-0.38097024, -0.16890723, 0.90902805
0.4945166, 0.79350317, 0.35469154
-0.7812265, 0.5846564, -0.2187736
(14.963986, 48.169445, 0.0)
Frame 0.41899997
-0.50213957, -0.3803485, 0.7766536
0.3708653, 0.7165973, 0.5907175
-0.78122646, 0.58465654, -0.21877384
(14.771987, 48.02978, 0.0)
Frame 0.43599996
-0.5884024, -0.5726161, 0.570871
0.20849001, 0.5747065, 0.7913561
-0.7812265, 0.5846566, -0.21877396
(14.567987, 47.876003, 0.0)
Frame 0.45299995
-0.62361825, -0.71520656, 0.3155627
0.028027296, 0.38295734, 0.9233408
-0.7812264, 0.5846565, -0.21877384
(14.363987, 47.716446, 0.0)
Frame 0.46999994
-0.6047325, -0.7957497, 0.032877862
-0.154867, 0.15798473, 0.9752216
-0.78122646, 0.58465654, -0.21877384
(14.159987, 47.551113, 0.0)
Frame 0.48599994
-0.5389426, -0.80853903, -0.23623252
-0.31500208, -0.06664467, 0.94674826
-0.7812265, 0.5846565, -0.21877396
(13.967988, 47.390003, 0.0)
Frame 0.50299996
-0.42379522, -0.7540513, -0.5018012
-0.45834816, -0.29930508, 0.83685935
-0.78122646, 0.5846565, -0.21877408
(13.763988, 47.213448, 0.0)
Frame 0.51899993
-0.28161144, -0.64284885, -0.7123485
-0.5571178, -0.49489617, 0.6668564
-0.78122646, 0.5846565, -0.2187742
(13.571988, 47.041782, 0.0)
Frame 0.53599995
-0.10709095, -0.47078592, -0.87572384
-0.6149934, -0.66070986, 0.4304018
-0.7812264, 0.5846565, -0.2187742
(13.367989, 46.854, 0.0)
Frame 0.553
0.07672018, -0.2578801, -0.963126
-0.61951536, -0.7692038, 0.15660787
-0.78122634, 0.5846564, -0.21877408
(13.163988, 46.660446, 0.0)
Frame 0.57
0.25387543, -0.022602111, -0.9669728
-0.57029164, -0.810966, -0.13077255
-0.7812264, 0.5846565, -0.21877408
(12.959989, 46.461117, 0.0)
Frame 0.58599997
0.4007439, 0.20100006, -0.8938699
-0.47863308, -0.78598714, -0.39132404
-0.7812264, 0.58465636, -0.2187742
(12.767989, 46.268, 0.0)
Frame 0.603
0.5228008, 0.42126262, -0.74109185
-0.34112275, -0.6933358, -0.6347603
-0.7812264, 0.5846564, -0.2187742
(12.563989, 46.05745, 0.0)
Frame 0.62
0.59950227, 0.6049787, -0.5240208
-0.17401838, -0.5405345, -0.82312816
-0.7812264, 0.5846564, -0.2187742
(12.359989, 45.841118, 0.0)
Frame 0.636
0.6242422, 0.73017216, -0.2777955
-0.002672106, -0.3535893, -0.93539697
-0.78122634, 0.58465654, -0.2187742
(12.16799, 45.632004, 0.0)
Frame 0.653
0.59794265, 0.80151033, 0.0067633986
0.17930418, -0.12553084, -0.975752
-0.78122634, 0.5846565, -0.21877444
(11.963989, 45.40445, 0.0)
Frame 0.66899997
0.525702, 0.8051645, 0.274495
0.33663458, 0.09943265, -0.9363708
-0.7812263, 0.58465654, -0.21877432
(11.77199, 45.184784, 0.0)
Frame 0.686
0.40482664, 0.741271, 0.5353809
0.4751849, 0.3296879, -0.8157851
-0.78122646, 0.58465654, -0.21877432
(11.56799, 44.946003, 0.0)
Frame 0.703
0.24883121, 0.61306864, 0.7498198
0.57251054, 0.5313413, -0.6244261
-0.78122634, 0.5846565, -0.21877384
(11.36399, 44.70145, 0.0)
Frame 0.72
0.07124823, 0.43167996, 0.89920855
0.62016857, 0.68689823, -0.37889552
-0.7812264, 0.5846565, -0.21877408
(11.15999, 44.451115, 0.0)
Frame 0.736
-0.10182202, 0.22642161, 0.9686928
0.61588776, 0.7790443, -0.11735569
-0.7812264, 0.5846566, -0.21877408
(10.967991, 44.210003, 0.0)
Frame 0.753
-0.27683175, -0.010358572, 0.9608626
0.5595085, 0.81121475, 0.1699439
-0.7812262, 0.5846566, -0.21877432
(10.76399, 43.94845, 0.0)
Frame 0.77000004
-0.42782485, -0.2462401, 0.86967325
0.45458925, 0.7730087, 0.44249988
-0.78122616, 0.5846566, -0.21877432
(10.559991, 43.681114, 0.0)
Frame 0.786
-0.5362263, -0.44907868, 0.71469575
0.31960475, 0.6756515, 0.6643402
-0.7812262, 0.58465666, -0.21877444
(10.367991, 43.424004, 0.0)
Frame 0.80300003
-0.6060765, -0.6264362, 0.49015224
0.14952265, 0.51551366, 0.843735
-0.7812263, 0.5846567, -0.21877432
(10.163991, 43.14545, 0.0)
Frame 0.82000005
-0.6233468, -0.74944746, 0.22308576
-0.033531338, 0.3106528, 0.9499318
-0.78122616, 0.58465666, -0.21877444
(9.959991, 42.861115, 0.0)
Frame 0.836
-0.59016585, -0.8059479, -0.046393454
-0.20344505, 0.09286934, 0.97467196
-0.7812263, 0.5846566, -0.21877456
(9.767992, 42.588005, 0.0)
Frame 0.85300004
-0.5052967, -0.79804367, -0.32833177
-0.366553, -0.14595532, 0.9188776
-0.7812262, 0.5846567, -0.21877456
(9.563992, 42.292454, 0.0)
Frame 0.87000006
-0.3765905, -0.72090566, -0.581786
-0.49786082, -0.37211812, 0.7833664
-0.7812262, 0.58465666, -0.21877456
(9.359992, 41.99112, 0.0)
Frame 0.88600004
-0.22536993, -0.59097946, -0.7745655
-0.58214605, -0.5558057, 0.59345263
-0.7812262, 0.58465654, -0.21877456
(9.167993, 41.702007, 0.0)
Frame 0.90300006
-0.04599762, -0.40342176, -0.91385734
-0.6225511, -0.70386624, 0.34205645
-0.7812263, 0.5846566, -0.21877456
(8.963992, 41.38945, 0.0)
Frame 0.9200001
0.13736516, -0.18086533, -0.9738679
-0.608947, -0.7908633, 0.060985237
-0.7812263, 0.5846566, -0.21877456
(8.759993, 41.071117, 0.0)
Frame 0.93600005
0.29933083, 0.04330179, -0.9531663
-0.5478016, -0.8101244, -0.20883423
-0.7812262, 0.58465654, -0.21877444
(8.567993, 40.766006, 0.0)
Frame 0.95300007
0.44593757, 0.27743673, -0.850981
-0.43683547, -0.76236844, -0.47746116
-0.7812263, 0.58465654, -0.21877444
(8.363993, 40.43645, 0.0)
Frame 0.9700001
0.55385715, 0.48750272, -0.6749691
-0.28797194, -0.64847326, -0.7046661
-0.78122616, 0.58465654, -0.21877444
(8.159993, 40.101116, 0.0)
Frame 0.98600006
0.61164963, 0.6468596, -0.45547488
-0.12478006, -0.48964238, -0.86294866
-0.7812264, 0.5846565, -0.21877444
(7.9679933, 39.780006, 0.0)
Frame 1.003
0.62147015, 0.76144785, -0.18431509
0.0588243, -0.2799536, -0.9582097
-0.78122634, 0.58465654, -0.21877444
(7.7639937, 39.43345, 0.0)
Frame 1.02
0.57737523, 0.80997705, 0.10283485
0.23732531, -0.04597771, -0.97034156
-0.7812263, 0.5846565, -0.21877444
(7.5599937, 39.081116, 0.0)
Frame 1.036
0.48998982, 0.7914563, 0.36538595
0.38677567, 0.17825186, -0.9047822
-0.78122634, 0.5846565, -0.21877456
(7.367994, 38.744007, 0.0)
Frame 1.053
0.35605597, 0.7051952, 0.6131264
0.51274705, 0.40109438, -0.7590875
-0.7812264, 0.5846564, -0.2187748
(7.1639943, 38.38045, 0.0)
Frame 1.0699999
0.19123298, 0.557755, 0.8076752
0.5942352, 0.5891402, -0.54753846
-0.7812262, 0.5846564, -0.21877456
(6.9599943, 38.011116, 0.0)
Frame 1.086
0.020671189, 0.37449765, 0.9269975
0.62390566, 0.7196724, -0.304653
-0.78122634, 0.5846565, -0.21877468
(6.7679944, 37.65801, 0.0)
Frame 1.1029999
-0.16198778, 0.14859109, 0.9755413
0.6028645, 0.7975572, -0.021376163
-0.78122634, 0.5846565, -0.2187748
(6.563995, 37.27745, 0.0)
Frame 1.1199999
-0.330593, -0.09020659, 0.93945247
0.52952206, 0.80625033, 0.26375514
-0.78122634, 0.5846564, -0.21877432
(6.359995, 36.89112, 0.0)
Frame 1.1359999
-0.46331394, -0.3081754, 0.83088386
0.41836074, 0.7504696, 0.5116343
-0.78122616, 0.58465654, -0.21877456
(6.167995, 36.522007, 0.0)
Frame 1.1529999
-0.5650976, -0.51344156, 0.6457882
0.26523614, 0.6281358, 0.731502
-0.78122616, 0.5846564, -0.21877468
(5.9639955, 36.12445, 0.0)
Frame 1.1699998
-0.6178564, -0.6741644, 0.40466744
0.089101195, 0.4513083, 0.8879087
-0.7812262, 0.5846565, -0.2187748
(5.7599955, 35.72112, 0.0)
Frame 1.1869998
-0.61701345, -0.7764004, 0.12844
-0.094763696, 0.23532778, 0.9672852
-0.78122616, 0.58465654, -0.21877503
(5.555996, 35.312004, 0.0)
Frame 1.2029998
-0.5672586, -0.8111762, -0.1421656
-0.260583, 0.013038397, 0.96536344
-0.7812262, 0.58465654, -0.21877491
(5.363996, 34.92145, 0.0)
Frame 1.2199998
-0.46673703, -0.77978814, -0.41723767
-0.41453886, -0.22384667, 0.8820716
-0.78122616, 0.5846566, -0.21877503
(5.159996, 34.501118, 0.0)
Frame 1.2359998
-0.33493423, -0.6883206, -0.6434547
-0.5267872, -0.42940843, 0.73355544
-0.78122616, 0.5846565, -0.21877503
(4.967996, 34.100006, 0.0)
Frame 1.2529998
-0.16693687, -0.53336364, -0.8292498
-0.60151285, -0.61131, 0.5142784
-0.7812261, 0.5846565, -0.2187748
(4.7639966, 33.66845, 0.0)
Frame 1.2699997
0.015543044, -0.33213514, -0.9431037
-0.62405455, -0.74017763, 0.25038537
-0.78122604, 0.5846565, -0.21877503
(4.5599966, 33.231117, 0.0)
Frame 1.2859998
0.18634266, -0.11607163, -0.9756043
-0.5957869, -0.80293477, -0.018268228
-0.78122616, 0.5846565, -0.21877503
(4.3679967, 32.814007, 0.0)
Frame 1.3029997
0.35183018, 0.122881845, -0.92796314
-0.5156562, -0.8019209, -0.30169833
-0.78122616, 0.5846565, -0.21877527
(4.163997, 32.36545, 0.0)
Frame 1.3199997
0.48679465, 0.3511748, -0.79981697
-0.39078978, -0.7313366, -0.55895454
-0.78122616, 0.5846564, -0.21877527
(3.959997, 31.911116, 0.0)
Frame 1.3359997
0.57540554, 0.5385326, -0.6155413
-0.24206257, -0.60676134, -0.7571302
-0.7812261, 0.5846564, -0.21877515
(3.767997, 31.478003, 0.0)
Frame 1.3529997
0.6209661, 0.69194007, -0.36826634
-0.063929826, -0.4235512, -0.9036133
-0.78122604, 0.58465636, -0.21877527
(3.563997, 31.01245, 0.0)
Frame 1.3699996
0.61265486, 0.78531873, -0.089042634
0.1197491, -0.20359623, -0.97170407
-0.78122616, 0.5846564, -0.21877539
(3.3599968, 30.541115, 0.0)
Frame 1.3859997
0.55620533, 0.8110362, 0.18126157
0.28341064, 0.019922197, -0.9587917
-0.7812259, 0.58465654, -0.21877551
(3.167997, 30.092003, 0.0)
Frame 1.4029996
0.44951266, 0.77005184, 0.45272335
0.43315613, 0.25533694, -0.86439496
-0.7812259, 0.5846564, -0.21877551
(2.963997, 29.609447, 0.0)
Frame 1.4199996
0.30382293, 0.6622619, 0.6849094
0.54532343, 0.46859992, -0.69500834
-0.781226, 0.58465666, -0.21877551
(2.7599967, 29.121113, 0.0)
Frame 1.4359996
0.14236528, 0.5080921, 0.8494554
0.6077977, 0.63247067, -0.4801695
-0.781226, 0.5846565, -0.21877539
(2.5679967, 28.656002, 0.0)
Frame 1.4529996
-0.040879488, 0.30179495, 0.9524959
0.6229082, 0.7530582, -0.21186955
-0.781226, 0.5846564, -0.21877527
(2.3639967, 28.156446, 0.0)
Frame 1.4699996
-0.2205782, 0.06931582, 0.97290325
0.5839788, 0.8083143, 0.07481113
-0.78122604, 0.5846565, -0.21877551
(2.1599965, 27.651114, 0.0)
Frame 1.4869995
-0.38114035, -0.16917686, 0.90890664
0.49438643, 0.7934456, 0.35500154
-0.781226, 0.58465654, -0.21877539
(1.9559965, 27.140001, 0.0)
Frame 1.5029995
-0.5022671, -0.38059193, 0.77645177
0.37069345, 0.7164681, 0.59098214
-0.781226, 0.58465654, -0.21877551
(1.7639965, 26.653446, 0.0)
Frame 1.5199995
-0.5884743, -0.5728111, 0.57060087
0.20828836, 0.57451206, 0.7915503
-0.7812259, 0.5846565, -0.21877563
(1.5599965, 26.131111, 0.0)
Frame 1.5359995
-0.6230507, -0.7085737, 0.33125728
0.038653016, 0.39509505, 0.9178268
-0.781226, 0.5846566, -0.21877575
(1.3679965, 25.634, 0.0)
Frame 1.5529995
-0.60728526, -0.7929406, 0.04949802
-0.1445367, 0.17152816, 0.974519
-0.781226, 0.5846566, -0.21877563
(1.1639963, 25.100445, 0.0)
Frame 1.5699995
-0.5388348, -0.8085162, -0.23655522
-0.31518728, -0.06691909, 0.94666713
-0.7812258, 0.58465654, -0.21877563
(0.95999634, 24.561111, 0.0)
Frame 1.5869994
-0.42363834, -0.75394946, -0.50208634
-0.4584939, -0.29956102, 0.8366878
-0.78122586, 0.5846566, -0.21877563
(0.7559963, 24.016, 0.0)
Frame 1.6029994
-0.2814207, -0.6426805, -0.7125756
-0.55721486, -0.49511445, 0.66661316
-0.78122586, 0.58465654, -0.21877551
(0.5639962, 23.497444, 0.0)
Frame 1.6199994
-0.10688007, -0.47056136, -0.87587017
-0.61503065, -0.6608696, 0.43010288
-0.78122586, 0.58465654, -0.21877575
(0.3599962, 22.94111, 0.0)
Frame 1.6359994
0.066149294, -0.27095658, -0.960316
-0.6207338, -0.76469564, 0.17300369
-0.78122586, 0.58465654, -0.21877599
(0.16799618, 22.411999, 0.0)
Frame 1.6529994
0.24411798, -0.036424786, -0.96906126
-0.5745369, -0.81046295, -0.11426923
-0.7812259, 0.5846566, -0.21877599
(-0.036003835, 21.844442, 0.0)
Frame 1.6699994
0.40090847, 0.20126703, -0.893736
-0.47849616, -0.7859187, -0.39162874
-0.7812259, 0.5846565, -0.21877599
(-0.24000385, 21.271109, 0.0)
Frame 1.6859994
0.5169108, 0.40938082, -0.7518049
-0.34998485, -0.70041716, -0.6220341
-0.78122586, 0.5846565, -0.2187761
(-0.43200386, 20.725998, 0.0)
Frame 1.7029994
0.59644955, 0.59567523, -0.5379767
-0.18421206, -0.5507703, -0.814075
-0.78122586, 0.5846565, -0.2187761
(-0.6360039, 20.141443, 0.0)
Frame 1.7199993
0.62424374, 0.7302921, -0.2774764
-0.0024579763, -0.3533411, -0.93549114
-0.7812257, 0.58465654, -0.21877587
(-0.84000385, 19.55111, 0.0)
Frame 1.7369993
0.5978818, 0.8015529, 0.007095933
0.17950937, -0.12525868, -0.97574925
-0.7812258, 0.5846565, -0.2187761
(-1.044004, 18.954998, 0.0)
Frame 1.7529993
0.52558696, 0.80513084, 0.2748141
0.33681515, 0.099705935, -0.9362769
-0.7812259, 0.5846565, -0.2187761
(-1.236004, 18.388443, 0.0)
Frame 1.7699993
0.40466416, 0.7411591, 0.5356586
0.47532412, 0.32993948, -0.8156022
-0.7812259, 0.5846565, -0.2187761
(-1.440004, 17.781109, 0.0)
Frame 1.7859993
0.25855392, 0.6220385, 0.7390656
0.5681865, 0.5208118, -0.63711786
-0.78122586, 0.5846565, -0.21877599
(-1.632004, 17.203999, 0.0)
Frame 1.8029993
0.081809044, 0.44332826, 0.8926182
0.61886454, 0.67943865, -0.3941697
-0.7812258, 0.5846564, -0.21877599
(-1.8360041, 16.585442, 0.0)
Frame 1.8199992
-0.10203338, 0.22615741, 0.9687322
0.61585337, 0.77912104, -0.117025554
-0.78122586, 0.5846565, -0.2187761
(-2.0400043, 15.961108, 0.0)
Frame 1.8369992
-0.27702343, -0.010633826, 0.9608043
0.55941397, 0.81121135, 0.17027098
-0.781226, 0.5846564, -0.21877587
(-2.2440042, 15.330997, 0.0)
Frame 1.8529992
-0.42001414, -0.23302528, 0.8770903
0.46181616, 0.77709466, 0.42760935
-0.781226, 0.5846564, -0.21877587
(-2.4360042, 14.732442, 0.0)
Frame 1.8699992
-0.5363357, -0.4493079, 0.7144692
0.3194212, 0.6754993, 0.6645831
-0.7812259, 0.58465636, -0.21877587
(-2.6400044, 14.091108, 0.0)
Frame 1.8869991
-0.60612774, -0.6266111, 0.4898647
0.14931509, 0.5153012, 0.8439014
-0.7812259, 0.58465636, -0.21877587
(-2.8440044, 13.443997, 0.0)
Frame 1.9029992
-0.62382793, -0.7440423, 0.23924765
-0.022900969, 0.32338518, 0.94599026
-0.7812259, 0.5846563, -0.21877599
(-3.0360043, 12.829441, 0.0)
Frame 1.9199991
-0.5900965, -0.8059795, -0.046725214
-0.20364726, 0.092596054, 0.97465575
-0.781226, 0.58465636, -0.2187761
(-3.2400045, 12.171108, 0.0)
Frame 1.9369991
-0.5051713, -0.79799426, -0.32864457
-0.36672613, -0.1462264, 0.9187654
-0.781226, 0.58465636, -0.21877599
(-3.4440045, 11.506997, 0.0)
Frame 1.9529991
-0.3850224, -0.7271452, -0.5683465
-0.49136925, -0.3597734, 0.7931706
-0.78122604, 0.58465636, -0.21877599
(-3.6360044, 10.876441, 0.0)
Frame 1.9699991
-0.22517073, -0.59079105, -0.77476716
-0.5822235, -0.5560063, 0.59318876
-0.78122604, 0.58465636, -0.2187761
(-3.8400047, 10.201108, 0.0)
Frame 1.986999
-0.045784354, -0.40318298, -0.9139732
-0.62256706, -0.704003, 0.34174526
-0.7812259, 0.5846563, -0.21877599
(-4.0440044, 9.519997, 0.0)
Frame 2.002999
0.12696517, -0.19432263, -0.9726863
-0.61120033, -0.7876649, 0.07757884
-0.78122604, 0.58465636, -0.2187761
(-4.2360044, 8.873442, 0.0)
Frame 2.019999
0.29951876, 0.043576628, -0.95309466
-0.54769933, -0.81010985, -0.20915872
-0.78122586, 0.5846563, -0.2187761
(-4.4400043, 8.181108, 0.0)
Frame 2.036999
0.44608736, 0.27769536, -0.85081804
-0.43668294, -0.7622745, -0.47775063
-0.78122604, 0.58465624, -0.21877623
(-4.644004, 7.4829974, 0.0)
Frame 2.052999
0.5488682, 0.47637612, -0.68688387
-0.29737127, -0.6566906, -0.6930566
-0.781226, 0.58465624, -0.21877599
(-4.836004, 6.820442, 0.0)
Frame 2.069999
0.6116927, 0.64702576, -0.45518094
-0.12457067, -0.48942292, -0.8631034
-0.7812261, 0.58465624, -0.21877599
(-5.040004, 6.1111093, 0.0)
Frame 2.086999
0.62145025, 0.761543, -0.18398893
0.059037328, -0.2796955, -0.95827186
-0.7812261, 0.5846561, -0.21877635
(-5.2440033, 5.3959985, 0.0)
Frame 2.102999
0.581337, 0.8090757, 0.086277395
0.22744921, -0.059780717, -0.9719533
-0.78122604, 0.5846561, -0.21877635
(-5.436003, 4.717443, 0.0)
Frame 2.119999
0.4898575, 0.79139614, 0.3656936
0.38694382, 0.17852002, -0.9046575
-0.78122604, 0.5846561, -0.21877646
(-5.640003, 3.9911096, 0.0)
Frame 2.136999
0.3558805, 0.70505935, 0.6133844
0.5128693, 0.4013335, -0.75887847
-0.7812261, 0.5846561, -0.21877646
(-5.8440027, 3.2589986, 0.0)
Frame 2.152999
0.20133454, 0.5677186, 0.7982229
0.59088945, 0.5795453, -0.561228
-0.7812259, 0.58465606, -0.21877646
(-6.0360026, 2.5644436, 0.0)
Frame 2.169999
0.020457566, 0.37425378, 0.92710066
0.62391293, 0.7197995, -0.3043375
-0.78122604, 0.58465606, -0.21877646
(-6.2400026, 1.8211105, 0.0)
Frame 2.1869988
-0.1618613, 0.16367896, 0.97314453
0.62129915, 0.78305984, -0.028367966
-0.76667356, 0.6000221, -0.22844064
(-6.6400094, 1.9491372, 0.03087174)
Frame 2.2029989
-0.29775167, -0.0015234947, 0.95464224
0.58427083, 0.79054236, 0.18349487
-0.75496465, 0.6124055, -0.23449516
(-7.011618, 1.9287889, 0.05577687)
Frame 2.2199988
-0.4439547, -0.18493944, 0.8767563
0.49139196, 0.76796293, 0.41081244
-0.7492918, 0.6132131, -0.25006294
(-7.2919097, 2.1451716, 0.04447417)
Frame 2.2369988
-0.58855844, -0.38870573, 0.7088769
0.34489232, 0.6723163, 0.6550115
-0.7311962, 0.62999886, -0.26163578
(-7.5648265, 2.3192713, 0.033738267)
Frame 2.2529988
-0.67608404, -0.5425681, 0.49852774
0.17802654, 0.53625906, 0.8250653
-0.71499413, 0.6465648, -0.26596463
(-7.8253617, 2.47762, 0.024417628)
Frame 2.2699988
-0.7153523, -0.6586019, 0.23348387
-0.018268555, 0.35165143, 0.9359527
-0.6985252, 0.6652705, -0.2635864
(-8.102181, 2.6404972, 0.014514449)
Frame 2.2869987
-0.6960467, -0.71610165, -0.052129924
-0.21768542, 0.1412862, 0.9657388
-0.68420184, 0.68354714, -0.25422668
(-8.379, 2.7975967, 0.0046112705)
Frame 2.3029988
-0.62578106, -0.71228015, -0.3178916
-0.39296114, -0.06415856, 0.9173142
-0.67378014, 0.69895685, -0.2397492
(-8.639535, 2.9399452, -0.0047093686)
Frame 2.3199987
-0.5018395, -0.6469895, -0.5740746
-0.55087084, -0.27262497, 0.7888073
-0.6668571, 0.7120956, -0.21959364
(-8.916354, 3.0858226, -0.014612547)
Frame 2.3369987
-0.33755672, -0.5241568, -0.78186625
-0.6664213, -0.45353866, 0.5917643
-0.664784, 0.7208064, -0.19621408
(-9.193172, 3.225922, -0.024515726)
Frame 2.3529987
-0.15861762, -0.3653228, -0.91726756
-0.72758555, -0.5847609, 0.35871148
-0.66742766, 0.7242886, -0.17305017
(-9.453708, 3.3522706, -0.03383636)
Frame 2.3699987
0.041896105, -0.16434756, -0.9855124
-0.73672783, -0.67136383, 0.08063927
-0.67489016, 0.7226759, -0.14920688
(-9.730527, 3.481148, -0.043739542)
Frame 2.3869987
0.23631883, 0.052954942, -0.9702314
-0.6876397, -0.69636416, -0.20549539
-0.6865165, 0.7157321, -0.12814999
(-10.007345, 3.6042476, -0.053642724)
Frame 2.4029987
0.3988499, 0.2557733, -0.880624
-0.5919375, -0.6616368, -0.46026817
-0.7003775, 0.70485234, -0.112491965
(-10.26788, 3.7145963, -0.06296337)
Frame 2.4199986
0.5357723, 0.4519474, -0.7132262
-0.44592154, -0.56583905, -0.69352746
-0.71700907, 0.6896157, -0.10162783
(-10.5447, 3.8264735, -0.072866544)
Frame 2.4369986
0.6244296, 0.6118208, -0.4855543
-0.26650828, -0.4174502, -0.8687397
-0.73420775, 0.67187107, -0.09761298
(-10.821518, 3.932573, -0.08276972)
Frame 2.4529986
0.65693945, 0.71684927, -0.23357588
-0.08083737, -0.24104857, -0.9671406
-0.74959713, 0.65423447, -0.10040617
(-11.082053, 4.0269217, -0.09209037)
Frame 2.4699986
0.63455904, 0.77109265, 0.05245021
0.11826846, -0.029814482, -0.9925339
-0.7637719, 0.6360246, -0.11011493
(-11.358872, 4.121799, -0.101993546)
Frame 2.4869986
0.5554776, 0.76178217, 0.33336565
0.3025931, 0.18823689, -0.93434703
-0.7745205, 0.61988294, -0.12594867
(-11.635691, 4.210899, -0.11189672)
Frame 2.5029986
0.43524134, 0.69560367, 0.57157725
0.44844487, 0.3830046, -0.8075919
-0.7806806, 0.60781825, -0.14524055
(-11.896226, 4.289247, -0.12121737)
Frame 2.5199986
0.26920235, 0.5699989, 0.77629334
0.5614616, 0.5620178, -0.6073688
-0.7824902, 0.59936404, -0.16873598
(-12.173045, 4.3671246, -0.13112055)
Frame 2.5369985
0.07766181, 0.39801264, 0.91408676
0.62185097, 0.6973094, -0.35645628
-0.77927536, 0.59610873, -0.1933502
(-12.449863, 4.439224, -0.14102373)
Frame 2.5529985
-0.11127305, 0.20688738, 0.9720164
0.6259301, 0.7742963, -0.09314963
-0.7719001, 0.5980493, -0.21565533
(-12.710399, 4.5015726, -0.15034436)
Frame 2.5699985
-0.30490577, -0.010765076, 0.9523217
0.57385653, 0.7959547, 0.19272971
-0.7600797, 0.60526043, -0.2365135
(-12.987218, 4.56245, -0.16024755)
Frame 2.5869985
-0.47501433, -0.22520524, 0.8506727
0.46809727, 0.7539148, 0.4609745
-0.74514866, 0.61716706, -0.25270236
(-13.264036, 4.61755, -0.17015073)
Frame 2.6029985
-0.6005783, -0.40767682, 0.6878265
0.32755244, 0.65930545, 0.67677593
-0.7293936, 0.6317562, -0.262429
(-13.524571, 4.6638985, -0.17947136)
Frame 2.6199985
-0.68645155, -0.56523347, 0.45748803
0.14678928, 0.50846946, 0.8484761
-0.71220577, 0.6495921, -0.2660694
(-13.801391, 4.7077756, -0.18937455)
Frame 2.6369984
-0.7162192, -0.6722293, 0.18745115
-0.051190764, 0.3184846, 0.9465448
-0.69599545, 0.66833776, -0.26251686
(-14.078209, 4.745875, -0.19927773)
Frame 2.6529984
-0.6906407, -0.7184958, -0.082338214
-0.23811586, 0.11841279, 0.9639914
-0.6828738, 0.6853775, -0.25286603
(-14.338744, 4.776223, -0.20859836)
Frame 2.6699984
-0.6087272, -0.7058212, -0.362309
-0.42121166, -0.09947991, 0.90149015
-0.67233336, 0.7013703, -0.23674405
(-14.615563, 4.8031006, -0.21850155)
Frame 2.6869984
-0.47734523, -0.6305804, -0.6119723
-0.5730202, -0.3046062, 0.7608305
-0.6661753, 0.7138512, -0.21593308
(-14.892382, 4.8242, -0.22840473)
Frame 2.7029984
-0.31850386, -0.5083005, -0.8001162
-0.675661, -0.4702859, 0.5677265
-0.66485906, 0.7214304, -0.19365096
(-15.152917, 4.838549, -0.23772536)
Frame 2.7199984
-0.12606263, -0.3342546, -0.93401396
-0.7331016, -0.602924, 0.31471366
-0.6683339, 0.7244008, -0.16903639
(-15.429736, 4.8484263, -0.24762855)
Frame 2.7369983
0.074629605, -0.12937188, -0.9887838
-0.7326213, -0.6798043, 0.033649683
-0.6765327, 0.7218928, -0.14551413
(-15.706554, 4.8525257, -0.2575317)
Frame 2.7529984
0.2557003, 0.07597822, -0.96376586
-0.6792296, -0.6952784, -0.23502098
-0.68794215, 0.7147133, -0.12617612
(-15.96709, 4.850874, -0.26685235)
Frame 2.7699983
0.42414826, 0.2897339, -0.8579933
-0.5708629, -0.649945, -0.5016842
-0.70300347, 0.702585, -0.11027479
(-16.243908, 4.8437514, -0.27675554)
Frame 2.7869983
0.5538633, 0.48104104, -0.67958444
-0.41842952, -0.5448384, -0.7266829
-0.71982795, 0.68684113, -0.10048425
(-16.520727, 4.830851, -0.2866587)
Frame 2.8029983
0.63059115, 0.62591714, -0.4588927
-0.2463273, -0.39929044, -0.8831138
-0.73598754, 0.6699216, -0.09760845
(-16.781263, 4.8132, -0.29597935)
Frame 2.8199983
0.6572976, 0.72996294, -0.18738726
-0.047903866, -0.20767462, -0.9770243
-0.75210714, 0.6511723, -0.101536036
(-17.05808, 4.7890773, -0.30588254)
Frame 2.8369982
0.6253614, 0.77396715, 0.099488676
0.14992869, 0.005946934, -0.98867893
-0.76579666, 0.6331979, -0.1123209
(-17.3349, 4.7591767, -0.3157857)
Frame 2.8529983
0.544112, 0.75709814, 0.36158618
0.3204382, 0.21077639, -0.9235219
-0.77541053, 0.6183654, -0.12791717
(-17.595436, 4.725525, -0.32510635)
Frame 2.8699982
0.41040868, 0.67870384, 0.6090368
0.4702162, 0.41473138, -0.77903444
-0.78132033, 0.60610145, -0.14892817
(-17.872253, 4.684402, -0.33500955)
Frame 2.8869982
0.23914564, 0.5446451, 0.8038478
0.5751585, 0.5875424, -0.5691983
-0.7823057, 0.5984611, -0.17274904
(-18.149073, 4.6375017, -0.3449127)
Frame 2.9029982
0.056714, 0.3778226, 0.92413926
0.62488586, 0.70847315, -0.32799911
-0.7786534, 0.59608376, -0.1959157
(-18.409609, 4.5878506, -0.35423335)
Frame 2.9199982
-0.14393795, 0.17178737, 0.9745619
0.6213203, 0.78219855, -0.046113282
-0.77022266, 0.59887767, -0.21932304
(-18.686426, 4.529728, -0.36413655)
Frame 2.9369981
-0.3348117, -0.046624273, 0.941131
0.5600158, 0.7934002, 0.23853382
-0.757815, 0.60691214, -0.23952937
(-18.963245, 4.4658275, -0.3740397)
Frame 2.9529982
-0.4909023, -0.24678788, 0.8355303
0.4542003, 0.74589926, 0.48717183
-0.74344957, 0.6186518, -0.25407255
(-19.223782, 4.4001756, -0.38336036)
Frame 2.9699981
-0.6182425, -0.4364411, 0.6536782
0.29978362, 0.6378594, 0.7094118
-0.7265712, 0.63455063, -0.2635138
(-19.500599, 4.3250527, -0.39326355)
Frame 2.986998
-0.6953019, -0.58653164, 0.41537428
0.115085304, 0.47962165, 0.86989564
-0.7094438, 0.6526436, -0.2659806
(-19.777418, 4.2441525, -0.4031667)
Frame 3.002998
-0.71594036, -0.68011796, 0.15769848
-0.07230565, 0.296893, 0.9521693
-0.694407, 0.67029405, -0.261734
(-20.037954, 4.1625013, -0.41248736)
Frame 3.019998
-0.68095577, -0.7208178, -0.12930954
-0.26963314, 0.08261031, 0.95941305
-0.6808797, 0.688184, -0.25061035
(-20.314772, 4.070379, -0.42239055)
Frame 3.036998
-0.59033465, -0.6976707, -0.40590703
-0.44861707, -0.13445568, 0.88355213
-0.671005, 0.7036883, -0.23361313
(-20.59159, 3.9724782, -0.4322937)
Frame 3.053998
-0.45181584, -0.6126535, -0.64847386
-0.5939735, -0.33576834, 0.7310645
-0.66562605, 0.7154828, -0.21219468
(-20.86841, 3.8688, -0.4421969)
Frame 3.069998
-0.28824008, -0.48255694, -0.827077
-0.6888951, -0.4954189, 0.52913463
-0.6650873, 0.7222872, -0.18963146
(-21.128944, 3.7657042, -0.45151755)
Frame 3.086998
-0.09328461, -0.30235267, -0.94862056
-0.73705137, -0.6195793, 0.26995724
-0.6693679, 0.7243649, -0.16505218
(-21.405764, 3.6508036, -0.4614207)
Frame 3.102998
0.095492244, -0.1067566, -0.989689
-0.7291646, -0.6843296, 0.0034628212
-0.67764306, 0.7213155, -0.14319134
(-21.6663, 3.537152, -0.47074136)
Frame 3.119998
0.28538787, 0.11179197, -0.95186996
-0.66493016, -0.6921731, -0.28065014
-0.6902331, 0.71302116, -0.12320399
(-21.943117, 3.4110293, -0.48064455)
Frame 3.136998
0.44839984, 0.32308707, -0.83339804
-0.54859614, -0.6366372, -0.5419736
-0.70567685, 0.70021987, -0.108223796
(-22.219936, 3.2791288, -0.49054772)
Frame 3.153998
0.5706076, 0.50908566, -0.6443903
-0.39009732, -0.5224644, -0.7581921
-0.7226556, 0.6840051, -0.09952927
(-22.496756, 3.1414506, -0.5004509)
Frame 3.169998
0.63895047, 0.6467667, -0.4164554
-0.21448992, -0.3701167, -0.9038847
-0.7387397, 0.666863, -0.09776127
(-22.75729, 3.0063546, -0.5097715)
Frame 3.186998
0.6560701, 0.7414528, -0.14078245
-0.014985889, -0.17370546, -0.9846837
-0.7545512, 0.6481313, -0.10285163
(-23.03411, 2.857454, -0.5196747)
Frame 3.2039979
0.6146519, 0.7751161, 0.14628097
0.18111593, 0.04181111, -0.98257256
-0.7677239, 0.6304339, -0.11468661
(-23.310928, 2.7027757, -0.52957785)
Frame 3.219998
0.5253, 0.74840856, 0.40490064
0.34755826, 0.24562567, -0.90491503
-0.77670014, 0.61607844, -0.1310885
(-23.571463, 2.5516798, -0.5388985)
Frame 3.2369978
0.38456047, 0.660298, 0.6450735
0.4907752, 0.4456166, -0.74870926
-0.7818267, 0.60451, -0.15269136
(-23.848282, 2.3857794, -0.5488017)
Frame 3.2529979
0.21954668, 0.5277591, 0.8205302
0.58317566, 0.6032558, -0.5440483
-0.78211606, 0.59795725, -0.1753335
(-24.108818, 2.224128, -0.55812234)
Frame 3.2699978
0.06929541, 0.39366403, 0.91663885
0.6108075, 0.70973635, -0.35098213
-0.788741, 0.58421135, -0.19127154
(-24.422335, 2.2575512, -0.56003433)
Frame 3.2879977
-0.098382354, 0.22276114, 0.9698961
0.6042236, 0.7877811, -0.11964381
-0.79071784, 0.5742633, -0.21210134
(-24.74928, 2.2534487, -0.56312925)
Frame 3.3039978
-0.2423737, 0.058558732, 0.9684141
0.5643343, 0.82044554, 0.091629714
-0.7891653, 0.56871796, -0.23190117
(-25.039787, 2.2439008, -0.56590784)
Frame 3.3199978
-0.37427676, -0.10889912, 0.9209006
0.49427813, 0.81682056, 0.2974782
-0.7846056, 0.5665202, -0.25189054
(-25.330294, 2.2292418, -0.5686865)
Frame 3.3369977
-0.49017334, -0.27490783, 0.827137
0.3872735, 0.78145635, 0.48922926
-0.78086436, 0.5601354, -0.2765845
(-25.608734, 2.3257422, -0.59495366)
Frame 3.3539977
-0.5800859, -0.42996335, 0.69183236
0.25783098, 0.7087458, 0.65666026
-0.7726731, 0.5592951, -0.30027556
(-25.892128, 2.397213, -0.6173987)
Frame 3.3699977
-0.6362715, -0.5577125, 0.5330247
0.12071109, 0.61044216, 0.78280854
-0.76196283, 0.5624207, -0.32108486
(-26.158852, 2.4589632, -0.63852346)
Frame 3.3869977
-0.6628809, -0.66759205, 0.3389829
-0.03421524, 0.479284, 0.87699264
-0.74794245, 0.56974345, -0.34054995
(-26.442247, 2.5192118, -0.66096854)
Frame 3.4039977
-0.6541058, -0.7454075, 0.12850359
-0.19097084, 0.3271271, 0.9254826
-0.73189867, 0.5808231, -0.35632682
(-26.725641, 2.5736825, -0.68341357)
Frame 3.4199977
-0.6138972, -0.7858072, -0.075083405
-0.33307475, 0.17161965, 0.92715055
-0.7156757, 0.5941834, -0.3670894
(-26.992365, 2.6194327, -0.70453835)
Frame 3.4369977
-0.53928447, -0.7917752, -0.28681698
-0.4710238, 0.0012744665, 0.88211954
-0.69807494, 0.6108111, -0.3736322
(-27.27576, 2.662681, -0.7269834)
Frame 3.4539976
-0.43553746, -0.7593992, -0.4833423
-0.5887134, -0.16589713, 0.791135
-0.68097246, 0.6291191, -0.37481403
(-27.559155, 2.700152, -0.74942845)
Frame 3.4699976
-0.31596088, -0.6953419, -0.64549845
-0.67562634, -0.31275797, 0.66761625
-0.6661064, 0.64705646, -0.37097192
(-27.825878, 2.729902, -0.77055323)
Frame 3.4869976
-0.17172146, -0.5948713, -0.78526425
-0.7381829, -0.45015693, 0.5024389
-0.65237856, 0.66594815, -0.36182213
(-28.109274, 2.7561505, -0.7929983)
Frame 3.5049975
-0.0076674223, -0.45768258, -0.8890826
-0.76757145, -0.56716835, 0.29858685
-0.6409175, 0.68472385, -0.34695542
(-28.409338, 2.7778974, -0.81676364)
Frame 3.5199976
0.13137382, -0.32462445, -0.93667483
-0.7618879, -0.63757837, 0.11410734
-0.63424575, 0.6986506, -0.33108854
(-28.659391, 2.7903714, -0.8365681)
Frame 3.5369976
0.2841609, -0.16025981, -0.94528794
-0.72256196, -0.68384814, -0.10127118
-0.6302037, 0.7118064, -0.31012046
(-28.942785, 2.79962, -0.8590132)
Frame 3.5539975
0.42444146, 0.010513842, -0.9053943
-0.6502564, -0.6922978, -0.31287417
-0.630092, 0.7215352, -0.28700328
(-29.226181, 2.8030906, -0.8814582)
Frame 3.5699975
0.53868043, 0.16936222, -0.82531196
-0.55533195, -0.6652938, -0.49898964
-0.6335849, 0.7271181, -0.26432848
(-29.492905, 2.8008409, -0.902583)
Frame 3.5869975
0.6353166, 0.32801953, -0.6991251
-0.4307764, -0.6008409, -0.67336583
-0.64094025, 0.7289671, -0.24042118
(-29.776299, 2.7930894, -0.9250281)
Frame 3.6039975
0.70168877, 0.4683941, -0.53687984
-0.2879966, -0.50276613, -0.8150365
-0.65168315, 0.72652143, -0.21788943
(-30.059694, 2.77956, -0.9474731)
Frame 3.6199975
0.7334825, 0.5774367, -0.35856706
-0.14342573, -0.3841679, -0.91205496
-0.66440386, 0.7204041, -0.19896114
(-30.326418, 2.7613103, -0.9685979)
Frame 3.6369975
0.73304653, 0.6632023, -0.15101501
0.013615787, -0.23628604, -0.9715882
-0.68004227, 0.7101632, -0.1822387
(-30.609812, 2.736559, -0.991043)
Frame 3.6529975
0.70045155, 0.7117926, 0.05214277
0.15767923, -0.083084226, -0.9839889
-0.6960639, 0.6974584, -0.17043138
(-30.876537, 2.7077534, -1.0121677)
Frame 3.6699975
0.63328975, 0.7267972, 0.2659134
0.2994068, 0.086753964, -0.95017326
-0.7136524, 0.6813513, -0.16266763
(-31.159931, 2.6717796, -1.0346128)
Frame 3.6869974
0.5359663, 0.70335317, 0.4669417
0.42243388, 0.255444, -0.869654
-0.7309513, 0.6633572, -0.16021085
(-31.443325, 2.6300282, -1.0570579)
Frame 3.7039974
0.41340292, 0.64264596, 0.64506143
0.52053916, 0.41445476, -0.74650276
-0.74708575, 0.6443862, -0.1631856
(-31.72672, 2.5824988, -1.0795029)
Frame 3.7199974
0.2805295, 0.5541961, 0.7836899
0.5856451, 0.5480581, -0.5972037
-0.7604756, 0.62649745, -0.17081583
(-31.993444, 2.532249, -1.1006277)
Frame 3.7369974
0.12753099, 0.43146995, 0.8930674
0.6225613, 0.66612303, -0.41072804
-0.77210957, 0.60836977, -0.18366516
(-32.276836, 2.4734976, -1.1230727)
Frame 3.7539973
-0.030053616, 0.2852295, 0.957988
0.62443537, 0.7537413, -0.20482805
-0.78049815, 0.5920458, -0.20076
(-32.56023, 2.4089682, -1.1455178)
Frame 3.7699974
-0.1754198, 0.13272269, 0.9755064
0.59408, 0.80440176, -0.002613008
-0.78504586, 0.5790704, -0.2199558
(-32.826954, 2.3427184, -1.1666425)
Frame 3.7879972
-0.32727587, -0.04739766, 0.9437395
0.5244548, 0.82167834, 0.22314104
-0.78602666, 0.5679773, -0.24405754
(-33.127014, 2.2625763, -1.1904079)
Frame 3.8039973
-0.4451809, -0.20716392, 0.87114704
0.43410182, 0.80097, 0.41231382
-0.78317916, 0.5617207, -0.2666464
(-33.393738, 2.1854377, -1.2115327)
Frame 3.8199973
-0.531968, -0.34647405, 0.7726356
0.3130743, 0.76732075, 0.5596458
-0.786762, 0.539606, -0.2997179
(-33.6437, 2.2591875, -1.2593964)
Frame 3.8369973
-0.5895499, -0.482787, 0.6475705
0.15124689, 0.7215519, 0.6756384
-0.7934451, 0.4962656, -0.35237086
(-33.918697, 2.2990358, -1.2894843)
Frame 3.8539972
-0.61661303, -0.60842395, 0.49960852
-0.015645653, 0.6439569, 0.7649018
-0.7871109, 0.46383172, -0.40659142
(-34.192738, 2.3331063, -1.3220452)
Frame 3.8699973
-0.611861, -0.7110839, 0.34638977
-0.17408529, 0.54826, 0.8179886
-0.7715702, 0.44019383, -0.45924807
(-34.450657, 2.3596563, -1.3526908)
Frame 3.8869972
-0.57490206, -0.79922515, 0.1752904
-0.33712608, 0.4265768, 0.8392724
-0.74554247, 0.42340446, -0.51467955
(-34.724693, 2.3825045, -1.3852516)
Frame 3.9039972
-0.506613, -0.86216915, 0.0027085245
-0.48797274, 0.28932142, 0.8235142
-0.7107922, 0.41588143, -0.5672891
(-34.998734, 2.399575, -1.4178126)
Frame 3.9199972
-0.41628265, -0.8960022, -0.15456
-0.6131042, 0.15108871, 0.7754195
-0.67142534, 0.4175551, -0.6122384
(-35.256653, 2.410125, -1.4484582)
Frame 3.9369972
-0.29646802, -0.9035116, -0.30947256
-0.72283, 4.899502E-4, 0.6910256
-0.6241981, 0.42856312, -0.6532304
(-35.53069, 2.4159732, -1.481019)
Frame 3.9539971
-0.15705764, -0.881429, -0.44543904
-0.8041076, -0.1477251, 0.57583714
-0.57336205, 0.44862044, -0.6855624
(-35.80473, 2.4160438, -1.51358)
Frame 3.9699972
-0.013200045, -0.8344304, -0.5509553
-0.8515318, -0.27944553, 0.44362587
-0.5241369, 0.47501183, -0.7068553
(-36.06265, 2.4105937, -1.5442256)
Frame 3.9869971
0.14695776, -0.7586435, -0.6347154
-0.86901, -0.40552485, 0.2834987
-0.47246724, 0.50991154, -0.7188637
(-36.336685, 2.399442, -1.5767864)
Frame 4.0039973
0.3080246, -0.6593695, -0.68582267
-0.8518794, -0.5121095, 0.10975088
-0.42358273, 0.55043226, -0.7194456
(-36.610725, 2.3825126, -1.6093473)
Frame 4.019997
0.4543661, -0.5482153, -0.7021477
-0.80476946, -0.5905812, -0.05966592
-0.3819655, 0.5921772, -0.7095269
(-36.868645, 2.3610625, -1.639993)
Frame 4.0369973
0.5980396, -0.41602263, -0.6850356
-0.7237983, -0.64740515, -0.23870993
-0.34418687, 0.6385856, -0.68829036
(-37.14268, 2.3329108, -1.6725538)
Frame 4.0539975
0.72361314, -0.27478176, -0.63315004
-0.6143381, -0.6745417, -0.40936792
-0.31459934, 0.6851922, -0.65691614
(-37.41672, 2.2989812, -1.7051147)
Frame 4.0699973
0.82051384, -0.13891165, -0.5544913
-0.48940927, -0.6719215, -0.5558778
-0.2953567, 0.7274786, -0.6193055
(-37.67464, 2.2615314, -1.7357603)
Frame 4.0869975
0.89952433, 0.014383391, -0.43663377
-0.31718487, -0.6657791, -0.6753753
-0.30041587, 0.7460101, -0.5943223
(-37.9447, 2.2770982, -1.7787402)
Frame 4.1039977
0.9412446, 0.16110934, -0.29682055
-0.13608886, -0.62343526, -0.7699405
-0.30909297, 0.7650963, -0.5648799
(-38.215343, 2.2769334, -1.8199482)
Frame 4.120998
0.94476175, 0.29625648, -0.14020444
0.049301043, -0.5513531, -0.8328139
-0.32402873, 0.77989846, -0.53550303
(-38.486004, 2.2709906, -1.8611676)
Frame 4.1369977
0.9130235, 0.4075759, 0.016430348
0.22044766, -0.4591397, -0.8605774
-0.3432068, 0.7893494, -0.50905454
(-38.740738, 2.2598748, -1.8999622)
Frame 4.153998
0.8434686, 0.5040508, 0.18572435
0.39116263, -0.3393538, -0.8554711
-0.36817458, 0.79421145, -0.4834001
(-39.011395, 2.2427099, -1.9411815)
Frame 4.1699977
0.74695575, 0.57061976, 0.34124783
0.5347943, -0.21069586, -0.8182923
-0.39503428, 0.79372555, -0.46254468
(-39.266132, 2.2210383, -1.9799762)
Frame 4.186998
0.6156963, 0.6126552, 0.49555176
0.662934, -0.062782764, -0.7460407
-0.42595363, 0.78785264, -0.44480503
(-39.53679, 2.1926515, -2.0211954)
Frame 4.203998
0.46050858, 0.6233405, 0.63196397
0.76037574, 0.09032321, -0.64317214
-0.45799625, 0.77671635, -0.4323784
(-39.807446, 2.1584866, -2.0624146)
Frame 4.219998
0.29866982, 0.60432106, 0.7386422
0.82019967, 0.23315936, -0.5224072
-0.48792303, 0.7618613, -0.42602634
(-40.062183, 2.120815, -2.1012092)
Frame 4.236998
0.11374396, 0.5497373, 0.8275574
0.86288005, 0.35820413, -0.35655
-0.49244326, 0.7546382, -0.43361378
(-40.31084, 2.2018423, -2.1066594)
Frame 4.2539983
-0.03388071, 0.50737286, 0.86106026
0.8437588, 0.47627974, -0.2474439
-0.5356518, 0.71814364, -0.4442371
(-40.588608, 2.256368, -2.0995996)
Frame 4.269998
-0.176265, 0.4439097, 0.8785641
0.80599123, 0.5774605, -0.13006705
-0.5650741, 0.68518865, -0.4595734
(-40.845776, 2.30217, -2.096023)
Frame 4.2869983
-0.31988406, 0.35940292, 0.87664354
0.74113226, 0.671342, -0.0047978163
-0.5902519, 0.648174, -0.48111665
(-41.119015, 2.3454738, -2.092223)
Frame 4.3039985
-0.45145953, 0.25975102, 0.8536473
0.65267795, 0.74848044, 0.11742453
-0.6084371, 0.6101692, -0.5074425
(-41.392258, 2.3829994, -2.088423)
Frame 4.3199983
-0.5608145, 0.15475178, 0.8133504
0.5501995, 0.8037432, 0.2264451
-0.6186821, 0.5744987, -0.5358951
(-41.649426, 2.4128013, -2.0848465)
Frame 4.3369985
-0.6583594, 0.03440936, 0.75191665
0.4239412, 0.8423911, 0.33264267
-0.62196183, 0.53776693, -0.5691836
(-41.922665, 2.439105, -2.0810463)
Frame 4.3539987
-0.73388433, -0.09149862, 0.6730837
0.28343725, 0.8592541, 0.42584705
-0.6173144, 0.50329953, -0.6046591
(-42.195908, 2.4596307, -2.0772464)
