Name StrongThrow
Animate die
Frame 0.0
0.21877307, 0.5846562, 0.78122693
0.5846562, 0.56245387, -0.5846562
-0.78122693, 0.5846562, -0.21877313
(20.0, 50.0, 0.0)
Frame 0.042
-0.6080097, -0.6332363, 0.47889054
0.14145151, 0.5071381, 0.85017794
-0.7812271, 0.5846562, -0.21877265
(18.826664, 49.958, 0.0)
Frame 0.053999998
-0.619817, -0.76816493, 0.1604658
-0.074236274, 0.26095945, 0.9624911
-0.781227, 0.58465606, -0.21877277
(18.586664, 49.939114, 0.0)
Frame 0.065
-0.56531763, -0.8112507, -0.14929262
-0.2647643, 0.0070446134, 0.9642874
-0.7812271, 0.584656, -0.21877265
(18.366665, 49.924446, 0.0)
Frame 0.08499999
-0.3279612, -0.6825994, -0.65306926
-0.5311551, -0.4384464, 0.7250097
-0.781227, 0.5846561, -0.21877289
(17.966663, 49.88, 0.0)
Frame 0.09799999
-0.10953772, -0.47341034, -0.87400466
-0.6145615, -0.6588323, 0.43388283
-0.78122705, 0.5846561, -0.21877277
(17.706663, 49.854, 0.0)
Frame 0.114999995
0.19417894, -0.10547523, -0.9752792
-0.5932781, -0.80439556, -0.03112784
-0.781227, 0.58465624, -0.21877289
(17.366663, 49.80945, 0.0)
Frame 0.131
0.43902963, 0.26544604, -0.8583655
-0.44377628, -0.7666261, -0.464055
-0.78122693, 0.5846562, -0.21877289
(17.046661, 49.76178, 0.0)
Frame 0.148
0.5967189, 0.5964895, -0.5367745
-0.18333288, -0.5498886, -0.81486905
-0.781227, 0.5846561, -0.21877277
(16.706661, 49.706005, 0.0)
Frame 0.165
0.6124629, 0.785642, -0.0874975
0.12072113, -0.20234573, -0.971845
-0.781227, 0.5846562, -0.21877289
(16.366661, 49.644447, 0.0)
Frame 0.18100001
0.4937907, 0.7931804, 0.35642073
0.3819099, 0.17041743, -0.90835166
-0.781227, 0.58465624, -0.21877289
(16.04666, 49.58078, 0.0)
Frame 0.19800001
0.25441617, 0.6182333, 0.74368006
0.5700499, 0.5253235, -0.6317265
-0.78122705, 0.5846561, -0.218773
(15.70666, 49.508003, 0.0)
Frame 0.21500002
-0.045478225, 0.29622322, 0.9540354
0.6225883, 0.75526756, -0.20482852
-0.781227, 0.58465606, -0.21877337
(15.36666, 49.429447, 0.0)
Frame 0.23100002
-0.3191414, -0.07286787, 0.9449016
0.5365009, 0.80800223, 0.24351424
-0.781227, 0.584656, -0.21877337
(15.04666, 49.349777, 0.0)
Frame 0.24800003
-0.53494906, -0.44638717, 0.717334
0.32173598, 0.67743325, 0.66149086
-0.78122693, 0.58465606, -0.21877348
(14.706661, 49.260002, 0.0)
Frame 0.26500002
-0.62350464, -0.7137214, 0.31912947
0.030437678, 0.38571888, 0.92211413
-0.7812269, 0.584656, -0.21877348
(14.366661, 49.164444, 0.0)
Frame 0.28100002
-0.5712755, -0.8108722, -0.12700611
-0.25165233, 0.025759459, 0.9674749
-0.7812269, 0.58465606, -0.2187736
(14.046661, 49.06878, 0.0)
Frame 0.298
-0.38429713, -0.7266126, -0.5695171
-0.4919353, -0.36084795, 0.792331
-0.7812268, 0.5846561, -0.2187736
(13.706662, 48.962, 0.0)
Frame 0.315
-0.105903625, -0.46950907, -0.8765533
-0.61519843, -0.6616181, 0.42871028
-0.7812269, 0.5846562, -0.2187736
(13.366662, 48.849445, 0.0)
Frame 0.331
0.1804406, -0.12400548, -0.9757376
-0.5976001, -0.8017479, -0.0086193085
-0.78122675, 0.5846562, -0.2187736
(13.046662, 48.73778, 0.0)
Frame 0.348
0.4416448, 0.26997137, -0.85560817
-0.44117403, -0.7650442, -0.46911925
-0.7812268, 0.5846562, -0.21877348
(12.706663, 48.614006, 0.0)
Frame 0.36499998
0.59779215, 0.5997282, -0.5319497
-0.17980304, -0.5463544, -0.81802666
-0.7812268, 0.5846561, -0.21877348
(12.366663, 48.484447, 0.0)
Frame 0.38199997
0.611739, 0.786824, -0.081753016
0.124338835, -0.19770002, -0.972345
-0.7812268, 0.58465624, -0.2187736
(12.026664, 48.349117, 0.0)
Frame 0.39799997
0.491525, 0.79215956, 0.3617823
0.38482186, 0.17510128, -0.90622944
-0.7812269, 0.5846562, -0.2187736
(11.706664, 48.216003, 0.0)
Frame 0.41499996
0.2510426, 0.61511827, 0.7474003
0.5715437, 0.5289677, -0.62732047
-0.7812269, 0.58465606, -0.2187736
(11.366664, 48.069447, 0.0)
Frame 0.43099996
-0.031102777, 0.3135687, 0.949056
0.62347186, 0.7482325, -0.22678389
-0.7812269, 0.5846561, -0.21877337
(11.046664, 47.92578, 0.0)
Frame 0.44799995
-0.32230663, -0.07764147, 0.9434459
0.5346055, 0.80755746, 0.24909411
-0.7812269, 0.58465606, -0.21877348
(10.706665, 47.768, 0.0)
Frame 0.46499994
-0.53684103, -0.45038253, 0.7134123
0.31856894, 0.6747836, 0.6657183
-0.78122675, 0.584656, -0.2187736
(10.366665, 47.604446, 0.0)
Frame 0.48199993
-0.6236739, -0.7159883, 0.31367475
0.026752442, 0.38149446, 0.92398393
-0.7812268, 0.5846561, -0.21877372
(10.026666, 47.435112, 0.0)
Frame 0.49799994
-0.56977844, -0.81101024, -0.13272133
-0.255024, 0.020967066, 0.9667074
-0.78122675, 0.5846562, -0.21877372
(9.706666, 47.27, 0.0)
Frame 0.5149999
-0.3813833, -0.72446764, -0.5741894
-0.494198, -0.36513543, 0.7889515
-0.78122663, 0.58465624, -0.21877384
(9.366666, 47.089447, 0.0)
Frame 0.53199995
-0.10226607, -0.46559107, -0.8790715
-0.6158136, -0.664381, 0.42352268
-0.78122675, 0.5846561, -0.2187736
(9.026667, 46.903114, 0.0)
Frame 0.5479999
0.18396878, -0.11926539, -0.97566974
-0.5965236, -0.80246675, -0.014385253
-0.78122675, 0.58465636, -0.21877348
(8.706667, 46.722, 0.0)
Frame 0.56499994
0.44424427, 0.27448764, -0.85282093
-0.43855646, -0.76343536, -0.47416732
-0.7812267, 0.5846563, -0.21877348
(8.366667, 46.52445, 0.0)
Frame 0.5809999
0.593485, 0.586964, -0.55068034
-0.19354662, -0.5600449, -0.80553675
-0.7812268, 0.58465624, -0.21877337
(8.046667, 46.332783, 0.0)
Frame 0.59799993
0.6144447, 0.78205353, -0.10416341
0.1101926, -0.21579921, -0.97020006
-0.7812268, 0.58465624, -0.21877313
(7.706668, 46.124004, 0.0)
Frame 0.61499995
0.4892426, 0.79111063, 0.3671316
0.38771948, 0.17977989, -0.9040757
-0.78122675, 0.5846564, -0.218773
(7.3666677, 45.909447, 0.0)
Frame 0.6309999
0.26416206, 0.62715775, 0.73272896
0.56559986, 0.51463586, -0.6443964
-0.78122675, 0.5846565, -0.218773
(7.0466676, 45.701782, 0.0)
Frame 0.64799994
-0.034786224, 0.30914122, 0.9503797
0.6232774, 0.7500723, -0.22117144
-0.78122675, 0.58465654, -0.21877289
(6.7066674, 45.476006, 0.0)
Frame 0.66499996
-0.32545984, -0.08241269, 0.9419576
0.53269196, 0.8070842, 0.25466514
-0.78122675, 0.58465654, -0.21877289
(6.3666673, 45.24445, 0.0)
Frame 0.68099993
-0.5293485, -0.43469524, 0.72858095
0.3308701, 0.684994, 0.6490826
-0.78122675, 0.58465654, -0.21877289
(6.046667, 45.020782, 0.0)
Frame 0.69799995
-0.6228907, -0.7069964, 0.33490783
0.041134477, 0.39791054, 0.9165016
-0.7812267, 0.58465654, -0.21877277
(5.706667, 44.778004, 0.0)
Frame 0.715
-0.56826186, -0.8111197, -0.138432
-0.25838602, 0.016173422, 0.9659064
-0.78122675, 0.5846566, -0.21877277
(5.366667, 44.52945, 0.0)
Frame 0.732
-0.37845683, -0.7222967, -0.5788419
-0.49644247, -0.369411, 0.78554475
-0.7812269, 0.5846565, -0.21877265
(5.0266666, 44.275116, 0.0)
Frame 0.74799997
-0.11644673, -0.48079383, -0.86906695
-0.61328995, -0.6534631, 0.44369042
-0.7812269, 0.58465636, -0.21877241
(4.7066665, 44.030003, 0.0)
Frame 0.765
0.18749017, -0.11452025, -0.9755678
-0.59542596, -0.80315757, -0.020151079
-0.7812269, 0.58465654, -0.21877253
(4.3666663, 43.76445, 0.0)
Frame 0.78099996
0.43400788, 0.25680253, -0.86353326
-0.44868895, -0.7695644, -0.45436656
-0.7812269, 0.5846565, -0.21877253
(4.046666, 43.50878, 0.0)
Frame 0.798
0.5946182, 0.5902638, -0.5459101
-0.19003636, -0.55656576, -0.8087773
-0.7812269, 0.5846564, -0.21877253
(3.706666, 43.232006, 0.0)
Frame 0.815
0.61378276, 0.7833152, -0.09842789
0.1138213, -0.2111733, -0.97079897
-0.78122693, 0.5846565, -0.21877253
(3.3666663, 42.94945, 0.0)
Frame 0.831
0.49805725, 0.79504764, 0.34617662
0.37632906, 0.16148102, -0.91230494
-0.7812269, 0.5846564, -0.21877277
(3.0466664, 42.677784, 0.0)
Frame 0.848
0.2608149, 0.62410533, 0.7365244
0.56715095, 0.5183334, -0.64005494
-0.78122693, 0.58465636, -0.21877289
(2.7066662, 42.384007, 0.0)
Frame 0.865
-0.038469195, 0.304703, 0.9516703
0.62306076, 0.75188637, -0.21555093
-0.7812269, 0.58465636, -0.218773
(2.3666663, 42.084454, 0.0)
Frame 0.881
-0.31308365, -0.06377134, 0.947582
0.5400584, 0.80877084, 0.23286626
-0.7812269, 0.58465624, -0.21877265
(2.0466666, 41.796783, 0.0)
Frame 0.898
-0.53129435, -0.43873602, 0.7247322
0.32773572, 0.68241316, 0.6533771
-0.7812268, 0.5846563, -0.21877277
(1.7066665, 41.486008, 0.0)
Frame 0.915
-0.6231227, -0.7093358, 0.32948565
0.03745243, 0.39372534, 0.9184649
-0.7812269, 0.58465636, -0.21877289
(1.3666664, 41.16945, 0.0)
Frame 0.931
-0.57407117, -0.8105308, -0.11611158
-0.24520743, 0.03488177, 0.96884286
-0.7812268, 0.58465624, -0.21877265
(1.0466664, 40.865784, 0.0)
Frame 0.948
-0.38980877, -0.7306268, -0.56056535
-0.48757944, -0.3526491, 0.7986895
-0.7812269, 0.58465636, -0.21877289
(0.70666635, 40.538006, 0.0)
Frame 0.96500003
-0.11282003, -0.47692376, -0.87167394
-0.6139676, -0.65629315, 0.43854663
-0.7812269, 0.58465636, -0.21877277
(0.36666632, 40.20445, 0.0)
Frame 0.981
0.17370403, -0.13301879, -0.9757729
-0.5995928, -0.8003017, 0.0023607016
-0.7812268, 0.5846564, -0.21877265
(0.046666324, 39.884785, 0.0)
Frame 0.998
0.436652, 0.26134604, -0.86083287
-0.4461161, -0.7680334, -0.459462
-0.78122693, 0.5846564, -0.21877265
(-0.29333374, 39.540005, 0.0)
Frame 1.015
0.59573084, 0.59354275, -0.54112095
-0.1865188, -0.5530679, -0.81198937
-0.78122693, 0.5846563, -0.21877277
(-0.6333337, 39.18945, 0.0)
Frame 1.031
0.61624527, 0.7782349, -0.12079799
0.09963125, -0.2291882, -0.96826965
-0.7812268, 0.5846563, -0.21877265
(-0.95333374, 38.853783, 0.0)
Frame 1.048
0.49582446, 0.79407936, 0.35156232
0.37926596, 0.16617715, -0.91024303
-0.7812268, 0.58465636, -0.21877253
(-1.2933338, 38.49201, 0.0)
Frame 1.0649999
0.25745863, 0.6210311, 0.7402942
0.5686824, 0.5220128, -0.6356909
-0.7812269, 0.58465636, -0.21877265
(-1.6333338, 38.12445, 0.0)
Frame 1.0819999
-0.042150617, 0.3002541, 0.95292753
0.62282246, 0.75367403, -0.20992297
-0.78122693, 0.58465624, -0.21877277
(-1.9733338, 37.751118, 0.0)
Frame 1.0979999
-0.31627035, -0.06854984, 0.9461893
0.5381986, 0.8083798, 0.23846242
-0.7812269, 0.58465636, -0.21877313
(-2.2933338, 37.39401, 0.0)
Frame 1.1149999
-0.53322184, -0.44276145, 0.7208583
0.32459018, 0.6798083, 0.6576487
-0.78122693, 0.58465624, -0.21877253
(-2.6333337, 37.009453, 0.0)
Frame 1.1319999
-0.623333, -0.7116504, 0.324052
0.03376928, 0.3895265, 0.920396
-0.781227, 0.58465624, -0.21877277
(-2.9733336, 36.619118, 0.0)
Frame 1.1479999
-0.57261217, -0.81072295, -0.12183511
-0.24859574, 0.030091047, 0.9681398
-0.781227, 0.5846563, -0.21877277
(-3.2933335, 36.246006, 0.0)
Frame 1.1649998
-0.38692045, -0.72853005, -0.56527555
-0.48987436, -0.3569609, 0.7953628
-0.781227, 0.5846562, -0.21877265
(-3.6333337, 35.84445, 0.0)
Frame 1.1809999
-0.12695432, -0.4919377, -0.8613245
-0.6112012, -0.64511585, 0.45853966
-0.78122705, 0.5846562, -0.21877277
(-3.9533334, 35.460785, 0.0)
Frame 1.1979998
0.17724437, -0.12828696, -0.9757699
-0.5985557, -0.8010738, -0.0034057498
-0.7812269, 0.5846563, -0.21877265
(-4.2933335, 35.048004, 0.0)
Frame 1.2149998
0.43928075, 0.26588023, -0.8581026
-0.4435277, -0.7664757, -0.464541
-0.78122693, 0.5846562, -0.21877277
(-4.6333337, 34.629448, 0.0)
Frame 1.2309998
0.59126925, 0.5806253, -0.5597097
-0.20021285, -0.5666138, -0.79928935
-0.78122693, 0.58465624, -0.21877253
(-4.953334, 34.229786, 0.0)
Frame 1.2479998
0.6156455, 0.7795759, -0.11507401
0.10327107, -0.2245853, -0.9689667
-0.781227, 0.58465624, -0.21877253
(-5.293334, 33.800007, 0.0)
Frame 1.2649997
0.49357444, 0.79308355, 0.35693526
0.3821893, 0.17086697, -0.90814966
-0.781227, 0.5846563, -0.21877241
(-5.633334, 33.36445, 0.0)
Frame 1.2819997
0.25409365, 0.6179353, 0.7440379
0.57019377, 0.52567375, -0.63130516
-0.78122693, 0.5846563, -0.21877241
(-5.9733343, 32.92312, 0.0)
Frame 1.2979997
-0.02777028, 0.3175614, 0.9478309
0.62362903, 0.7465465, -0.23185149
-0.781227, 0.58465636, -0.21877229
(-6.2933345, 32.502007, 0.0)
Frame 1.3149997
-0.3194449, -0.0733262, 0.94476354
0.5363202, 0.80796057, 0.24404986
-0.781227, 0.5846563, -0.21877253
(-6.6333346, 32.04945, 0.0)
Frame 1.3319997
-0.5351305, -0.4467712, 0.7169593
0.3214336, 0.6771798, 0.6618972
-0.78122693, 0.58465624, -0.21877217
(-6.973335, 31.591114, 0.0)
Frame 1.3479997
-0.6223879, -0.7024745, 0.34519964
0.048141032, 0.40584064, 0.9126751
-0.78122705, 0.5846563, -0.21877241
(-7.293335, 31.154003, 0.0)
Frame 1.3649997
-0.5711329, -0.8108866, -0.12755439
-0.2519752, 0.02529931, 0.96740294
-0.781227, 0.58465624, -0.21877253
(-7.633335, 30.684448, 0.0)
Frame 1.3809997
-0.3981191, -0.73657125, -0.546776
-0.4808175, -0.34005868, 0.8081922
-0.78122705, 0.5846562, -0.21877253
(-7.9533353, 30.236782, 0.0)
Frame 1.3979996
-0.12334049, -0.48811662, -0.8640194
-0.61194086, -0.6480118, 0.4534416
-0.781227, 0.58465636, -0.21877253
(-8.293335, 29.756002, 0.0)
Frame 1.4149996
0.18077844, -0.123550534, -0.97573274
-0.59749776, -0.80181813, -0.009172231
-0.78122693, 0.58465624, -0.21877253
(-8.633335, 29.269447, 0.0)
Frame 1.4309996
0.42893153, 0.24812683, -0.8685913
-0.453544, -0.7724055, -0.4446209
-0.781227, 0.5846563, -0.21877265
(-8.953335, 28.80578, 0.0)
Frame 1.4479996
0.59244215, 0.58396375, -0.5549762
-0.19671504, -0.56317234, -0.8025832
-0.7812269, 0.58465624, -0.21877253
(-9.293334, 28.308002, 0.0)
Frame 1.4649996
0.61502457, 0.7808895, -0.109345555
0.106907696, -0.21997428, -0.9696299
-0.781227, 0.58465636, -0.21877265
(-9.633334, 27.804445, 0.0)
Frame 1.4819995
0.49130714, 0.79205996, 0.3622958
0.3850996, 0.1755507, -0.90602446
-0.78122693, 0.58465624, -0.21877265
(-9.973333, 27.295113, 0.0)
Frame 1.4979995
0.26718026, 0.6298986, 0.7292754
0.5641801, 0.5112777, -0.64830244
-0.78122705, 0.58465624, -0.21877289
(-10.293333, 26.810001, 0.0)
Frame 1.5149995
-0.031455636, 0.31314456, 0.94918436
0.62345403, 0.7484101, -0.22624625
-0.78122693, 0.5846562, -0.21877289
(-10.633333, 26.289446, 0.0)
Frame 1.5319995
-0.32260895, -0.07809912, 0.9433049
0.53442305, 0.80751324, 0.24962844
-0.781227, 0.58465624, -0.21877313
(-10.973332, 25.763111, 0.0)
Frame 1.5479995
-0.52757275, -0.43102926, 0.7320387
0.3336935, 0.687307, 0.6451804
-0.78122693, 0.5846562, -0.21877265
(-11.293332, 25.262001, 0.0)
Frame 1.5649995
-0.6226617, -0.70486045, 0.33980003
0.044461876, 0.4016825, 0.91469896
-0.7812269, 0.58465624, -0.21877289
(-11.633332, 24.724445, 0.0)
Frame 1.5819994
-0.56963396, -0.8110219, -0.1332688
-0.25534615, 0.020507336, 0.9666322
-0.7812269, 0.5846562, -0.218773
(-11.973331, 24.18111, 0.0)
Frame 1.5979995
-0.3952706, -0.7345489, -0.5515423
-0.48316202, -0.34440517, 0.8049469
-0.781227, 0.58465624, -0.21877289
(-12.293331, 23.664, 0.0)
Frame 1.6149994
-0.11972165, -0.48427886, -0.8666838
-0.61265916, -0.65088487, 0.44832766
-0.78122693, 0.58465624, -0.21877289
(-12.633331, 23.109444, 0.0)
Frame 1.6319994
0.18430632, -0.11881019, -0.97566146
-0.59641904, -0.8025342, -0.014938116
-0.78122693, 0.58465624, -0.21877277
(-12.9733305, 22.54911, 0.0)
Frame 1.6479994
0.4316042, 0.2526869, -0.8659486
-0.45100138, -0.7709255, -0.4497459
-0.78122693, 0.58465624, -0.21877253
(-13.29333, 22.015999, 0.0)
Frame 1.6649994
0.5935942, 0.5872816, -0.5502238
-0.19321075, -0.5597117, -0.8058488
-0.7812269, 0.5846563, -0.21877253
(-13.63333, 21.444443, 0.0)
Frame 1.6819993
0.6143821, 0.78217566, -0.10361388
0.11054, -0.21535587, -0.9702592
-0.781227, 0.58465636, -0.21877253
(-13.97333, 20.86711, 0.0)
Frame 1.6979994
0.5000609, 0.79589915, 0.3412971
0.37366223, 0.15723091, -0.9141417
-0.78122705, 0.5846564, -0.21877241
(-14.293329, 20.317997, 0.0)
Frame 1.7149993
0.26384175, 0.626866, 0.7330939
0.56574917, 0.5149913, -0.6439814
-0.78122693, 0.5846564, -0.21877265
(-14.633329, 19.729443, 0.0)
Frame 1.7319993
-0.035139084, 0.30871606, 0.95050496
0.62325734, 0.75024754, -0.22063304
-0.78122693, 0.58465636, -0.21877253
(-14.973329, 19.135109, 0.0)
Frame 1.7479993
-0.31019318, -0.059449136, 0.9488129
0.54172367, 0.8091, 0.22779968
-0.78122693, 0.58465636, -0.21877229
(-15.293328, 18.569998, 0.0)
Frame 1.7649993
-0.52953553, -0.4350837, 0.72821325
0.33057022, 0.68474746, 0.6494954
-0.78122705, 0.5846564, -0.21877241
(-15.633328, 17.964441, 0.0)
Frame 1.7819992
-0.6229136, -0.707222, 0.33438885
0.040781915, 0.3975098, 0.91669124
-0.781227, 0.5846564, -0.21877241
(-15.973328, 17.35311, 0.0)
Frame 1.7979993
-0.5753734, -0.81033266, -0.11093289
-0.24213597, 0.039212108, 0.9694495
-0.7812268, 0.5846565, -0.21877217
(-16.293327, 16.771997, 0.0)
Frame 1.8149992
-0.39240885, -0.7325006, -0.5562896
-0.4854892, -0.34874022, 0.8016736
-0.78122693, 0.5846564, -0.21877241
(-16.633327, 16.14944, 0.0)
Frame 1.8319992
-0.11609948, -0.48042387, -0.86931807
-0.61335593, -0.6537354, 0.44319832
-0.78122693, 0.5846565, -0.21877253
(-16.97333, 15.521109, 0.0)
Frame 1.8489991
0.18782735, -0.11406545, -0.97555625
-0.5953196, -0.8032223, -0.020703495
-0.7812269, 0.5846565, -0.21877253
(-17.31333, 14.886997, 0.0)
Frame 1.8649992
0.4342618, 0.25723818, -0.86327577
-0.44844308, -0.7694186, -0.45485532
-0.7812269, 0.58465636, -0.21877229
(-17.63333, 14.284442, 0.0)
Frame 1.8819991
0.5947256, 0.59057885, -0.5454521
-0.18969965, -0.5562315, -0.8090862
-0.7812269, 0.58465636, -0.21877241
(-17.973331, 13.639109, 0.0)
Frame 1.8979992
0.61676884, 0.7769991, -0.1259706
0.09633657, -0.23334384, -0.9676105
-0.78122693, 0.5846565, -0.21877265
(-18.293331, 13.025997, 0.0)
Frame 1.9149991
0.49784404, 0.7949561, 0.34669304
0.37661096, 0.16193134, -0.9121088
-0.7812269, 0.58465636, -0.21877265
(-18.633331, 12.369441, 0.0)
Frame 1.9319991
0.260494, 0.6238118, 0.73688656
0.56729835, 0.51868665, -0.63963795
-0.78122693, 0.58465636, -0.21877265
(-18.973333, 11.707108, 0.0)
Frame 1.9479991
-0.02075088, 0.32594246, 0.9451618
0.6239021, 0.74292564, -0.24250291
-0.781227, 0.58465624, -0.21877253
(-19.293333, 11.077997, 0.0)
Frame 1.9649991
-0.3133893, -0.06422937, 0.9474501
0.53988105, 0.80873454, 0.23340274
-0.78122693, 0.5846563, -0.21877253
(-19.633333, 10.404442, 0.0)
Frame 1.981999
-0.53147984, -0.4391224, 0.7243623
0.32743517, 0.68216443, 0.6537873
-0.78122693, 0.5846564, -0.21877253
(-19.973335, 9.725108, 0.0)
Frame 1.9979991
-0.6218071, -0.697863, 0.35544813
0.055141777, 0.41371995, 0.9087328
-0.7812269, 0.5846565, -0.21877265
(-20.293335, 9.079997, 0.0)
Frame 2.0149992
-0.5739324, -0.8105504, -0.11665991
-0.2455321, 0.034422815, 0.96877706
-0.7812269, 0.58465636, -0.21877241
(-20.633335, 8.3894415, 0.0)
Frame 2.031999
-0.3895328, -0.7304271, -0.5610173
-0.48779958, -0.35306275, 0.7983722
-0.781227, 0.5846563, -0.21877241
(-20.973337, 7.6931086, 0.0)
Frame 2.0479991
-0.13021874, -0.49537796, -0.85886186
-0.6105141, -0.64247763, 0.4631359
-0.78122693, 0.5846563, -0.21877241
(-21.293337, 7.0319977, 0.0)
Frame 2.064999
0.1740433, -0.13256584, -0.97577417
-0.5994943, -0.80037713, 0.0018084645
-0.781227, 0.5846563, -0.21877277
(-21.633337, 6.3244424, 0.0)
Frame 2.081999
0.4369046, 0.2617805, -0.86057264
-0.44586867, -0.7678853, -0.45994896
-0.78122693, 0.5846562, -0.21877289
(-21.97334, 5.6111093, 0.0)
Frame 2.097999
0.5901909, 0.5775892, -0.56397283
-0.20336945, -0.56970835, -0.796287
-0.7812269, 0.5846562, -0.21877265
(-22.293339, 4.9339986, 0.0)
Frame 2.114999
0.61618865, 0.77836466, -0.120250076
0.099980116, -0.22874796, -0.968338
-0.781227, 0.58465624, -0.21877289
(-22.633339, 4.209443, 0.0)
Frame 2.131999
0.49560952, 0.7939854, 0.35207713
0.37954658, 0.16662616, -0.910044
-0.781227, 0.5846562, -0.21877289
(-22.973341, 3.4791098, 0.0)
Frame 2.147999
0.273512, 0.63561225, 0.7219337
0.5611378, 0.50415707, -0.6564679
-0.781227, 0.5846561, -0.218773
(-23.29334, 2.7859988, 0.0)
Frame 2.164999
-0.024438024, 0.3215467, 0.9465784
0.62376857, 0.74483883, -0.23691311
-0.781227, 0.5846561, -0.21877313
(-23.63334, 2.0444436, 0.0)
Frame 2.181999
-0.31657457, -0.06900719, 0.94605416
0.53801954, 0.808341, 0.2389975
-0.78122693, 0.5846561, -0.218773
(-23.973343, 1.2971108, 0.0)
Frame 2.197999
-0.5286279, -0.3859745, 0.7560266
0.3716297, 0.69551945, 0.61493415
-0.76318014, 0.60603327, -0.22423148
(-24.732449, 1.6265137, 0.038756695)
Frame 2.214999
-0.6005584, -0.6004319, 0.5280254
0.13533327, 0.5745194, 0.80722505
-0.7880446, 0.55624527, -0.26377404
(-25.145412, 2.2161992, -0.0550555)
Frame 2.231999
-0.5437826, -0.67136276, 0.5035601
0.07583031, 0.5582677, 0.8261882
-0.8357933, 0.4874518, -0.2526667
(-25.780481, 2.4366243, -0.08844428)
Frame 2.247999
-0.516729, -0.78597784, 0.33945534
-0.06248173, 0.4300537, 0.9006386
-0.853866, 0.44417632, -0.27133048
(-26.313978, 2.6383448, -0.1230607)
Frame 2.264999
-0.45796967, -0.8756019, 0.1535736
-0.20098147, 0.27026498, 0.9415748
-0.86595035, 0.40034732, -0.29975283
(-26.880817, 2.847548, -0.15984064)
Frame 2.2819989
-0.3710519, -0.92793393, -0.03548658
-0.3243046, 0.093681455, 0.94130254
-0.87014204, 0.3607805, -0.33569396
(-27.447657, 3.0509734, -0.19662058)
Frame 2.297999
-0.26721752, -0.9408628, -0.20825878
-0.42123398, -0.08032751, 0.90338767
-0.8666929, 0.32912675, -0.37485838
(-27.981153, 3.2366939, -0.23123701)
Frame 2.3149989
-0.13849032, -0.9153824, -0.378015
-0.4992162, -0.26512933, 0.82491785
-0.8553382, 0.30295438, -0.4202559
(-28.547993, 3.4288971, -0.26801696)
Frame 2.3319988
0.0031716824, -0.85071415, -0.525619
-0.5478105, -0.4412135, 0.7107983
-0.8365964, 0.28568518, -0.46742964
(-29.114832, 3.6153224, -0.3047969)
Frame 2.3479989
0.14227629, -0.7567885, -0.6379881
-0.56460714, -0.59145284, 0.57567585
-0.8130045, 0.2783076, -0.511438
(-29.648329, 3.785043, -0.33941334)
Frame 2.3649988
0.2895093, -0.62639, -0.72375405
-0.5508964, -0.7273878, 0.40917033
-0.78275, 0.28025484, -0.55566156
(-30.215168, 3.960246, -0.3761933)
Frame 2.3819988
0.42928243, -0.4705746, -0.7708931
-0.5053352, -0.8325782, 0.22682598
-0.7485672, 0.292187, -0.5952091
(-30.782007, 4.1296716, -0.41297325)
Frame 2.3979988
0.5480465, -0.3073435, -0.77793634
-0.43528393, -0.89898515, 0.048514754
-0.7142639, 0.31203488, -0.62646735
(-31.315504, 4.283392, -0.4475897)
Frame 2.4149988
0.6549247, -0.12415729, -0.74542516
-0.33536148, -0.93171, -0.1394613
-0.6772048, 0.3413235, -0.65183747
(-31.882343, 4.441595, -0.48436967)
Frame 2.4319987
0.73693085, 0.06051392, -0.6732541
-0.21385893, -0.923954, -0.31713337
-0.64124674, 0.37768674, -0.6679487
(-32.449184, 4.594021, -0.52114964)
Frame 2.4489987
0.7901572, 0.23787037, -0.5648622
-0.07656602, -0.87608683, -0.47603515
-0.608103, 0.41939184, -0.6740335
(-33.01602, 4.7406683, -0.5579295)
Frame 2.4649987
0.8116714, 0.39053452, -0.43436438
0.06122285, -0.7964128, -0.60164654
-0.58089703, 0.46174622, -0.67033505
(-33.54952, 4.872945, -0.592546)
Frame 2.4819987
0.8031261, 0.53023416, -0.27173552
0.21009277, -0.67881095, -0.70361704
-0.55753875, 0.50800353, -0.6565691
(-34.11636, 5.00837, -0.6293259)
Frame 2.4989986
0.7626467, 0.6402363, -0.09201896
0.35455108, -0.5327792, -0.7684007
-0.54098386, 0.5533928, -0.6333188
(-34.683197, 5.1380177, -0.66610587)
Frame 2.5149987
0.6970851, 0.7119235, 0.08507274
0.48031095, -0.37558496, -0.7926142
-0.5323286, 0.5933809, -0.6037593
(-35.216694, 5.2542934, -0.70072234)
Frame 2.5319986
0.60140467, 0.7508027, 0.27314404
0.5970332, -0.19515145, -0.77811754
-0.53090835, 0.6310396, -0.5656191
(-35.783535, 5.3727193, -0.7375023)
Frame 2.5489986
0.48340243, 0.7494742, 0.45233893
0.690906, -0.009335756, -0.7228844
-0.5375602, 0.66196775, -0.5223291
(-36.350372, 5.4853673, -0.7742822)
Frame 2.5649986
0.35697508, 0.71152556, 0.6052275
0.75436103, 0.1625362, -0.6360201
-0.55091596, 0.68360335, -0.47872567
(-36.88387, 5.5856433, -0.8088987)
Frame 2.5819986
0.21241051, 0.6340412, 0.7435547
0.7922727, 0.33366793, -0.5108519
-0.5720016, 0.6976084, -0.43145895
(-37.45071, 5.687069, -0.8456786)
Frame 2.5979986
0.072764754, 0.5293791, 0.845259
0.79859495, 0.47676587, -0.3673422
-0.5974539, 0.7017492, -0.38806772
(-37.984207, 5.776789, -0.88029504)
Frame 2.6149986
-0.07269025, 0.38949937, 0.9181538
0.77381366, 0.60282266, -0.19446665
-0.62922853, 0.6963441, -0.34521925
(-38.551044, 5.8669925, -0.91707504)
Frame 2.6319985
-0.20834517, 0.22662793, 0.9514368
0.7177588, 0.6962379, -0.008666247
-0.6643904, 0.68109655, -0.30772197
(-39.117886, 5.9514174, -0.953855)
Frame 2.6489985
-0.32773674, 0.048526347, 0.94352204
0.63310164, 0.75256014, 0.18120575
-0.70126384, 0.6567331, -0.27736366
(-39.684723, 6.0300655, -0.9906349)
Frame 2.6649985
-0.42014074, -0.12541613, 0.8987506
0.53089285, 0.7692567, 0.35552347
-0.7359583, 0.6265101, -0.2566136
(-40.21822, 6.098342, -1.0252514)
Frame 2.6819985
-0.49265468, -0.30856198, 0.8136834
0.40328068, 0.74761045, 0.5276773
-0.7711394, 0.58810556, -0.2438767
(-40.78506, 6.165767, -1.0620313)
Frame 2.6989985
-0.5353575, -0.48143572, 0.6939827
0.26205134, 0.6864233, 0.67834514
-0.8029455, 0.5450162, -0.24132097
(-41.3519, 6.2274146, -1.0988113)
Frame 2.7149985
-0.54647326, -0.6273688, 0.5547749
0.122712284, 0.5953027, 0.7940758
-0.8284373, 0.502019, -0.24833119
(-41.885395, 6.2796907, -1.1334276)
Frame 2.7319984
-0.5268569, -0.75757194, 0.38536578
-0.025440782, 0.46724856, 0.8837599
-0.8495733, 0.45581096, -0.26544642
(-42.452236, 6.3301163, -1.1702076)
Frame 2.7489984
-0.47579896, -0.856107, 0.2017327
-0.1667819, 0.3130132, 0.93499017
-0.8635966, 0.41122198, -0.29171443
(-43.019073, 6.3747635, -1.2069876)
Frame 2.7649984
-0.4011836, -0.91569006, 0.0237405
-0.28754675, 0.15050328, 0.9458677
-0.8696946, 0.37264007, -0.32368314
(-43.55257, 6.41104, -1.241604)
Frame 2.7819984
-0.29727817, -0.94089806, -0.16228482
-0.39701247, -0.032765508, 0.9172281
-0.8683355, 0.3371011, -0.36380768
(-44.11941, 6.444465, -1.278384)
Frame 2.7979984
-0.180655, -0.927711, -0.3266743
-0.47772086, -0.207564, 0.85363925
-0.8597363, 0.3102733, -0.40568948
(-44.65291, 6.470186, -1.3130004)
Frame 2.8149984
-0.042354226, -0.8751155, -0.4820571
-0.53587174, -0.38732088, 0.750216
-0.84323645, 0.29009557, -0.45254505
(-45.219746, 6.492389, -1.3497803)
Frame 2.8319983
0.1043005, -0.7852509, -0.6103296
-0.562888, -0.55253744, 0.6147025
-0.8199258, 0.2794335, -0.49963832
(-45.786587, 6.5088143, -1.3865603)
Frame 2.8489983
0.25232095, -0.6623995, -0.7053801
-0.5574824, -0.6953417, 0.45355615
-0.7909156, 0.27879533, -0.5447254
(-46.353424, 6.5194616, -1.4233403)
Frame 2.8649983
0.38656235, -0.52186596, -0.76041144
-0.52298796, -0.80315995, 0.28533807
-0.75964016, 0.28738502, -0.58340096
(-46.88692, 6.5237384, -1.4579567)
Frame 2.8819983
0.5173373, -0.3528545, -0.77965105
-0.4567545, -0.88427484, 0.09712572
-0.72369707, 0.3058624, -0.61863625
(-47.453762, 6.523164, -1.4947367)
Frame 2.8989983
0.6297963, -0.17146032, -0.7576001
-0.36315656, -0.9271693, -0.092056386
-0.6866396, 0.33310422, -0.6461948
(-48.0206, 6.5168114, -1.5315167)
Frame 2.9149983
0.7140951, 0.002837643, -0.700043
-0.25404626, -0.9307709, -0.26291868
-0.6523257, 0.3655922, -0.66393805
(-48.554096, 6.5050874, -1.566133)
Frame 2.9319983
0.7767095, 0.18342909, -0.60255796
-0.121041566, -0.89535594, -0.42858687
-0.6181192, 0.40582207, -0.67322886
(-49.120937, 6.4875126, -1.602913)
Frame 2.9479983
0.80765325, 0.34151214, -0.48069298
0.014644876, -0.8265729, -0.5626392
-0.58947587, 0.44737765, -0.6725857
(-49.654434, 6.4652333, -1.6375295)
Frame 2.9649982
0.80930376, 0.48923072, -0.32508567
0.16343662, -0.71913743, -0.67537355
-0.56419486, 0.49345145, -0.6619588
(-50.22127, 6.436436, -1.6743094)
Frame 2.9819982
0.77872574, 0.6092058, -0.14984834
0.3100403, -0.5813509, -0.7522673
-0.5454001, 0.5393509, -0.6415913
(-50.788113, 6.4018617, -1.7110894)
Frame 2.9989982
0.7173763, 0.6957203, 0.03666866
0.44746962, -0.4197787, -0.7896563
-0.5339871, 0.58288884, -0.612453
(-51.35495, 6.3615093, -1.7478694)
Frame 3.0149982
0.6341262, 0.74286443, 0.21456122
0.5625606, -0.2528664, -0.78713673
-0.5304805, 0.6198477, -0.5782554
(-51.888447, 6.3177857, -1.7824857)
Frame 3.0319982
0.52258015, 0.75425965, 0.39749503
0.66415435, -0.06779182, -0.7445154
-0.53461105, 0.653067, -0.5363716
(-52.455288, 6.266211, -1.8192657)
Frame 3.048998
0.39246833, 0.72528243, 0.5656271
0.73969996, 0.11659658, -0.66275877
-0.54663754, 0.6785062, -0.490731
(-53.022125, 6.2088585, -1.8560457)
Frame 3.0649981
0.25859457, 0.6623416, 0.70315903
0.78376484, 0.28163803, -0.5535276
-0.5646606, 0.6942506, -0.44629002
(-53.555622, 6.1491346, -1.8906621)
Frame 3.081998
0.11067414, 0.5606014, 0.8206566
0.7997338, 0.44001192, -0.4084304
-0.5900653, 0.70150954, -0.39963388
(-54.122463, 6.08056, -1.9274421)
Frame 3.098998
-0.036183953, 0.42771703, 0.9031881
0.78319436, 0.5735019, -0.24021284
-0.62072325, 0.69868, -0.3557371
(-54.6893, 6.006208, -1.9642221)
Frame 3.114998
-0.1671623, 0.27985334, 0.9453776
0.73861694, 0.6706933, -0.06793776
-0.65307105, 0.6869153, -0.31881905
(-55.222797, 5.930484, -1.9988384)
Frame 3.131998
-0.29232216, 0.10565147, 0.950466
0.6625773, 0.73905194, 0.12162882
-0.6895935, 0.66531193, -0.28604352
(-55.78964, 5.844909, -2.0356183)
Frame 3.148998
-0.39721632, -0.07801621, 0.914403
0.5605646, 0.7682777, 0.30905792
-0.72662693, 0.63534474, -0.26143932
(-56.356476, 5.7535567, -2.0723982)
Frame 3.164998
-0.47293675, -0.25168997, 0.84438324
0.445166, 0.7587636, 0.47550505
-0.76036716, 0.60077447, -0.2468034
(-56.889973, 5.661833, -2.1070144)
Frame 3.181998
-0.5252993, -0.4287119, 0.7350283
0.30751646, 0.7097791, 0.63375646
-0.79340667, 0.55894524, -0.24101055
(-57.456814, 5.559258, -2.1437943)
Frame 3.198998
-0.5462953, -0.58973634, 0.59478784
0.16081318, 0.6230564, 0.76546705
-0.82201016, 0.51382077, -0.2455355
(-58.02365, 5.450906, -2.1805742)
Frame 3.214998
-0.53648615, -0.7197894, 0.44055146
0.020727158, 0.5106407, 0.8595443
-0.84365433, 0.47026515, -0.25903237
(-58.557148, 5.343182, -2.2151904)
Frame 3.231998
-0.49511886, -0.82886195, 0.26047093
-0.12350303, 0.3638959, 0.9232154
-0.86000246, 0.42493245, -0.28253865
(-59.12399, 5.2236075, -2.2519703)
Frame 3.248998
-0.42382264, -0.90286946, 0.072117746
-0.25624844, 0.19589448, 0.94655275
-0.86874104, 0.38269046, -0.3143834
(-59.690826, 5.0982547, -2.2887502)
Frame 3.264998
-0.3324057, -0.9373096, -0.10467532
-0.36501852, 0.02551794, 0.93065035
-0.86963654, 0.34756204, -0.35061765
(-60.224323, 4.974531, -2.3233664)
Frame 3.281998
-0.21384585, -0.93482816, -0.28348947
-0.45816934, -0.16032207, 0.874287
-0.8627577, 0.31684878, -0.39402544
(-60.791164, 4.837956, -2.3601463)
Frame 3.2989979
-0.07876027, -0.8922321, -0.4446556
-0.5238882, -0.34243858, 0.7799212
-0.8481379, 0.2943766, -0.44045925
(-61.358, 4.695604, -2.3969262)
Frame 3.314998
0.05771792, -0.81729084, -0.5733273
-0.55785877, -0.5026628, 0.6603965
-0.8279264, 0.28171897, -0.48494554
(-61.8915, 4.55588, -2.4315424)
Frame 3.3319979
0.2060728, -0.70424724, -0.6793893
-0.5626906, -0.6533034, 0.50653124
-0.80057055, 0.27790377, -0.5309013
(-62.45834, 4.4023056, -2.4683223)
Frame 3.3489978
0.35094368, -0.56207657, -0.74893814
-0.53511, -0.77672946, 0.33218753
-0.7684372, 0.28418523, -0.57336116
(-63.025177, 4.2429533, -2.5051022)
Frame 3.3649979
0.47792232, -0.40771368, -0.7780487
-0.48070028, -0.86274767, 0.15682384
-0.7351989, 0.29905862, -0.6083144
(-63.558674, 4.0872293, -2.5397184)
Frame 3.3819978
0.5967631, -0.22930035, -0.7689572
-0.39528176, -0.91796577, -0.033031315
-0.6983023, 0.32366663, -0.63844633
(-64.12551, 3.9166543, -2.5764983)
Frame 3.3989978
0.69350326, -0.044391736, -0.7190846
-0.2854278, -0.9333583, -0.21765414
-0.6615015, 0.3561906, -0.65995765
(-64.69236, 3.740302, -2.6132782)
Frame 3.4159977
0.7635329, 0.138201, -0.6308074
-0.15637326, -0.9081913, -0.38824695
-0.62654996, 0.39508075, -0.6718229
(-65.25919, 3.5581717, -2.650058)
Frame 3.4319978
0.8020361, 0.3001395, -0.51638585
-0.022868931, -0.84850323, -0.52869576
-0.5968376, 0.43584228, -0.67366636
(-65.792694, 3.3810036, -2.6846743)
Frame 3.4489977
0.81197095, 0.4538638, -0.36702967
0.12534116, -0.7497083, -0.6497898
-0.57008135, 0.4816065, -0.66562915
(-66.359535, 3.1876512, -2.7214541)
Frame 3.4649978
0.7917528, 0.5748572, -0.20655933
0.26461953, -0.6275635, -0.7322162
-0.5505488, 0.52507454, -0.6489935
(-66.89303, 2.9999273, -2.7560704)
Frame 3.4819977
0.73982847, 0.67241424, -0.02264744
0.4056657, -0.47268534, -0.78230685
-0.53673935, 0.5695856, -0.62248147
(-67.45987, 2.7953527, -2.7928503)
Frame 3.4989977
0.65898633, 0.7334987, 0.16648296
0.5329809, -0.29919922, -0.79146135
-0.5307243, 0.61029446, -0.588109
(-68.02671, 2.5850005, -2.8296301)
Frame 3.5159976
0.5530784, 0.7552001, 0.35181966
0.6404988, -0.11537254, -0.7592435
-0.53279036, 0.6452613, -0.5475148
(-68.593544, 2.3688703, -2.86641)
Frame 3.5319977
0.43500936, 0.73869693, 0.51487255
0.7190037, 0.059244633, -0.6924767
-0.5420338, 0.6714291, -0.5053538
(-69.127045, 2.159702, -2.9010262)
Frame 3.5489976
0.2957089, 0.6827215, 0.66816735
0.77452636, 0.23806632, -0.5860318
-0.55916464, 0.69080806, -0.4583875
(-69.693886, 1.9323497, -2.9378061)
Frame 3.5649977
0.061521053, 0.48154902, 0.87425727
0.8791897, 0.38849604, -0.2758554
-0.47248346, 0.7856089, -0.39947224
(-69.86988, 2.393887, -2.782693)
Frame 3.5819976
-0.1553719, 0.28003675, 0.9473326
0.87425166, 0.48547304, -1.2269616E-4
-0.45993885, 0.82818806, -0.32025146
(-70.244804, 2.5210423, -2.7176182)
Frame 3.5989976
-0.3618188, 0.05623409, 0.93055093
0.8067806, 0.5190335, 0.28232846
-0.46711063, 0.85290205, -0.23316467
(-70.61972, 2.6424198, -2.6525433)
Frame 3.6149976
-0.529289, -0.15606335, 0.8339649
0.6917237, 0.48980153, 0.5306721
-0.49129575, 0.8577521, -0.15129387
(-70.97259, 2.7509122, -2.5912962)
Frame 3.6319976
-0.66290975, -0.3633547, 0.6546173
0.5255582, 0.39688247, 0.752511
-0.5332346, 0.84288645, -0.07213318
(-71.34751, 2.8610675, -2.5262215)
Frame 3.6489975
-0.7387078, -0.53287804, 0.41273695
0.32940945, 0.24881631, 0.91081274
-0.5880478, 0.8087839, -0.008267522
(-71.72243, 2.965445, -2.4611466)
Frame 3.6649976
-0.75081086, -0.6436938, 0.14812635
0.1337874, 0.07140672, 0.9884342
-0.64682615, 0.76194453, 0.032505095
(-72.075294, 3.0579376, -2.3998995)
Frame 3.6819975
-0.69958925, -0.69919455, -0.14731517
-0.067296565, -0.14077735, 0.9877514
-0.71136904, 0.7009341, 0.051433027
(-72.45022, 3.1510925, -2.3348248)
Frame 3.6989975
-0.58712137, -0.6855776, -0.43043202
-0.2430231, -0.35791957, 0.90157264
-0.7721581, 0.63393754, 0.04353118
(-72.825134, 3.23847, -2.2697499)
Frame 3.7159975
-0.42390573, -0.6041141, -0.67479646
-0.3769888, -0.55975056, 0.73794234
-0.823519, 0.56720865, 0.009537101
(-73.20006, 3.3200698, -2.204675)
Frame 3.7319975
-0.23752904, -0.47219834, -0.8488866
-0.453662, -0.7188113, 0.5267835
-0.8589357, 0.51023406, -0.04347968
(-73.552925, 3.3911178, -2.143428)
Frame 3.7489974
-0.022286415, -0.28579187, -0.9580325
-0.47539014, -0.839972, 0.2616319
-0.87949276, 0.46127003, -0.1171428
(-73.92784, 3.4614954, -2.0783532)
Frame 3.7659974
0.19097877, -0.06885755, -0.97917616
-0.43366683, -0.9008231, -0.021234885
-0.88060224, 0.42869157, -0.20189929
(-74.302765, 3.526095, -2.0132782)
Frame 3.7819974
0.3720417, 0.14508551, -0.916807
-0.339848, -0.8978343, -0.27999392
-0.863764, 0.41574445, -0.2847247
(-74.65563, 3.581143, -1.9520313)
Frame 3.7989974
0.5264456, 0.36258703, -0.769016
-0.19106136, -0.83091474, -0.522567
-0.8284627, 0.42203236, -0.36815512
(-75.03055, 3.6345205, -1.8869565)
Frame 3.8149974
0.62336487, 0.54022473, -0.5653083
-0.017011046, -0.7134237, -0.70052624
-0.781746, 0.4462999, -0.43553352
(-75.383415, 3.679013, -1.8257095)
Frame 3.8329973
0.66620684, 0.69009876, -0.2827229
0.19990878, -0.5304811, -0.8237879
-0.7184741, 0.49229443, -0.49136686
(-75.78039, 3.723942, -1.7568066)
Frame 3.8489974
0.6419636, 0.76670265, -0.007060945
0.39383483, -0.33763313, -0.8549258
-0.65785784, 0.54605037, -0.5187024
(-76.133255, 3.7575455, -1.6955597)
Frame 3.8659973
0.5541774, 0.78224945, 0.2845579
0.5823504, -0.12008345, -0.80401987
-0.5947734, 0.61128205, -0.5220908
(-76.50818, 3.7881453, -1.6304848)
Frame 3.8819973
0.42037433, 0.7336353, 0.5339145
0.72782016, 0.07873577, -0.6812331
-0.54181486, 0.67496663, -0.50085604
(-76.861046, 3.8111932, -1.5692378)
Frame 3.8989973
0.23645794, 0.619372, 0.7486427
0.8346975, 0.2649114, -0.48280644
-0.4973608, 0.7390536, -0.45434785
(-77.23596, 3.8305705, -1.504163)
Frame 3.9149973
0.03914547, 0.46227115, 0.88587415
0.88164526, 0.40127534, -0.24835408
-0.47028637, 0.7907487, -0.39185095
(-77.58883, 3.843063, -1.442916)
Frame 3.9319973
-0.1776036, 0.2575231, 0.9498099
0.87010086, 0.492002, 0.029301763
-0.45976254, 0.83163446, -0.3114524
(-77.96375, 3.8512182, -1.3778411)
Frame 3.9489973
-0.381832, 0.032586515, 0.9236571
0.79641074, 0.518703, 0.31092963
-0.46897155, 0.8543333, -0.22400963
(-78.33867, 3.8535957, -1.3127663)
Frame 3.9649973
-0.54550123, -0.17876086, 0.81882405
0.6763755, 0.48303157, 0.5560545
-0.49491858, 0.85716105, -0.1425848
(-78.691536, 3.8500881, -1.2515193)
Frame 3.9819973
-0.67362237, -0.38298926, 0.6321013
0.50632066, 0.38389546, 0.77218115
-0.5383979, 0.8402045, -0.06468511
(-79.06646, 3.8412435, -1.1864444)
Frame 3.9989972
-0.7429209, -0.54761666, 0.38494727
0.3080778, 0.230825, 0.9229343
-0.59426975, 0.80426097, -0.002776146
(-79.441376, 3.8266208, -1.1213696)
Frame 4.0159974
-0.74692845, -0.65727574, 0.10043278
0.100152254, 0.038108706, 0.9942421
-0.6573186, 0.75268614, 0.037363112
(-79.8163, 3.8062205, -1.0562947)
Frame 4.031997
-0.69063973, -0.7010251, -0.17770913
-0.08699772, -0.1634084, 0.98271513
-0.7179471, 0.6941625, 0.051868737
(-80.16917, 3.7812686, -0.9950477)
Frame 4.0489974
-0.5723324, -0.6802038, -0.45799372
-0.2591016, -0.3798957, 0.88800085
-0.77801144, 0.62689865, 0.041184783
(-80.54408, 3.749646, -0.9299728)
Frame 4.064997
-0.41562498, -0.59896916, -0.68446463
-0.38180086, -0.56813335, 0.729008
-0.82552046, 0.5643231, 0.007443428
(-80.89695, 3.7141383, -0.8687259)
Frame 4.0819974
-0.21572018, -0.4548336, -0.86405516
-0.4588512, -0.7338841, 0.50086915
-0.86192834, 0.5045203, -0.050387383
(-81.27187, 3.6712937, -0.803651)
Frame 4.0989976
2.6345253E-4, -0.26439083, -0.9644156
-0.47399384, -0.84922826, 0.23268312
-0.88052815, 0.4570657, -0.12554348
(-81.64679, 3.6226711, -0.7385761)
Frame 4.1149974
0.20017433, -0.058729738, -0.9779985
-0.43034902, -0.90202534, -0.03391531
-0.8801875, 0.42766967, -0.20583665
(-81.99966, 3.5711634, -0.6773292)
Frame 4.1319976
0.39013237, 0.16844597, -0.90521973
-0.32658046, -0.8938916, -0.30708793
-0.86089605, 0.415432, -0.2937249
(-82.37458, 3.5113187, -0.61225426)
Frame 4.148998
0.5396153, 0.3837478, -0.74936837
-0.17325112, -0.8204154, -0.5448876
-0.8238928, 0.42385858, -0.3762238
(-82.7495, 3.445696, -0.5471794)
Frame 4.1649976
0.63076997, 0.55750465, -0.53973854
0.0035615861, -0.697639, -0.71644044
-0.77596164, 0.44998682, -0.44203532
(-83.10236, 3.3781884, -0.48593247)
Frame 4.181998
0.66638744, 0.69503605, -0.26991236
0.2092708, -0.521804, -0.8269985
-0.71563506, 0.49461663, -0.4931743
(-83.47729, 3.3013437, -0.42085755)
Frame 4.198998
0.635742, 0.77153826, 0.023682445
0.41452065, -0.31535912, -0.8536517
-0.6511564, 0.55251914, -0.52030563
(-83.8522, 3.2187212, -0.3557827)
Frame 4.214998
0.54885066, 0.78131187, 0.2971778
0.59009945, -0.110336185, -0.7997553
-0.5920689, 0.6143107, -0.5216098
(-84.20507, 3.1352136, -0.29453576)
Frame 4.231998
0.40305328, 0.7246561, 0.5589468
0.7413821, 0.09954214, -0.6636595
-0.5365637, 0.6818833, -0.49712634
(-84.579994, 3.041369, -0.22946085)
Frame 4.248998
0.21557444, 0.60420626, 0.767113
0.8425347, 0.2820292, -0.458906
-0.49362215, 0.7452478, -0.4482665
(-84.95491, 2.9417462, -0.16438597)
Frame 4.2659984
0.0039145947, 0.43120605, 0.90224504
0.88411516, 0.4200905, -0.20460805
-0.46725282, 0.79848945, -0.37959135
(-85.329834, 2.836346, -0.0993111)
Frame 4.281998
-0.19969988, 0.23479062, 0.9513115
0.8652765, 0.49783814, 0.058769196
-0.45980078, 0.8348836, -0.30257702
(-85.6827, 2.7313938, -0.03806416)
Frame 4.2989984
-0.4015026, 0.008947253, 0.9158142
0.7854421, 0.5176522, 0.3392888
-0.47103757, 0.8555443, -0.21486628
(-86.05762, 2.6147714, 0.027010724)
Frame 4.3159986
-0.5698843, -0.21388133, 0.793402
0.6513648, 0.4710462, 0.59484404
-0.50095505, 0.8557864, -0.12912703
(-86.43254, 2.4923708, 0.09208559)
Frame 4.3319983
-0.6836977, -0.4021955, 0.6089307
0.4867773, 0.3703246, 0.79114324
-0.5436963, 0.8373162, -0.05741048
(-86.78541, 2.3714187, 0.15333253)
Frame 4.3489985
-0.74642646, -0.56176066, 0.3567528
0.28664097, 0.21240449, 0.9341956
-0.60057014, 0.79956824, 0.0024793148
(-87.160324, 2.2377963, 0.21840742)
Frame 4.3649983
-0.7455481, -0.6607208, 0.0872134
