Name WeakThrow
Animate die
Frame: 0.0
0.21877307, 0.5846562, 0.78122693
0.5846562, 0.56245387, -0.5846562
-0.78122693, 0.5846562, -0.21877313
(20.0, 50.0, 0.0)
Frame: 0.032
0.0033999681, 0.3544394, 0.93507284
0.624238, 0.7297601, -0.27888536
-0.7812268, 0.58465624, -0.21877337
(19.756666, 49.97311, 0.0)
Frame: 0.043
-0.046310306, 0.2952136, 0.95430833
0.62252724, 0.7556626, -0.20355317
-0.7812268, 0.58465624, -0.21877348
(19.701664, 49.957, 0.0)
Frame: 0.060000002
-0.12244463, 0.20013452, 0.97208714
0.612121, 0.78620815, -0.084762394
-0.78122675, 0.58465624, -0.2187736
(19.616665, 49.931114, 0.0)
Frame: 0.075
-0.18811846, 0.11367488, 0.97554576
0.59522796, 0.80327773, 0.021178752
-0.78122675, 0.58465624, -0.21877384
(19.541664, 49.90278, 0.0)
Frame: 0.095
-0.2720996, -0.003512621, 0.96226275
0.56182444, 0.8112736, 0.16182885
-0.78122675, 0.58465624, -0.21877372
(19.441664, 49.86, 0.0)
Frame: 0.109
-0.32759285, -0.08564666, 0.94092894
0.5313828, 0.8067477, 0.25843874
-0.78122663, 0.58465624, -0.2187736
(19.371662, 49.82345, 0.0)
Frame: 0.126
-0.3903978, -0.1841167, 0.902048
0.487108, 0.79011285, 0.37208533
-0.78122675, 0.58465606, -0.2187736
(19.286661, 49.775116, 0.0)
Frame: 0.143
-0.44728708, -0.2797969, 0.8494986
0.4354524, 0.7615057, 0.480094
-0.7812269, 0.58465606, -0.21877348
(19.20166, 49.721004, 0.0)
Frame: 0.15900001
-0.494653, -0.36600116, 0.7882649
0.38079253, 0.7240307, 0.57513183
-0.7812269, 0.58465606, -0.21877337
(19.12166, 49.664448, 0.0)
Frame: 0.17600001
-0.5376905, -0.45218426, 0.7116308
0.3171333, 0.67357755, 0.6676225
-0.7812269, 0.58465606, -0.21877348
(19.03666, 49.599113, 0.0)
Frame: 0.19200002
-0.5707638, -0.52706087, 0.62963134
0.25281078, 0.6167529, 0.7454546
-0.78122693, 0.58465606, -0.2187736
(18.95666, 49.532, 0.0)
Frame: 0.20900002
-0.5975003, -0.59884334, 0.53327274
0.18077004, 0.5473244, 0.81716466
-0.7812269, 0.584656, -0.2187736
(18.871658, 49.455444, 0.0)
Frame: 0.22500002
-0.6143992, -0.658132, 0.43517315
0.110444725, 0.47438335, 0.87336266
-0.7812269, 0.584656, -0.2187736
(18.791658, 49.37778, 0.0)
Frame: 0.24200003
-0.623314, -0.7114297, 0.3245728
0.034121394, 0.3899296, 0.92021227
-0.7812269, 0.5846561, -0.2187736
(18.706657, 49.29, 0.0)
Frame: 0.25900003
-0.6227839, -0.75394726, 0.20905435
-0.042718917, 0.29956758, 0.9531182
-0.7812268, 0.5846561, -0.21877372
(18.621656, 49.196445, 0.0)
Frame: 0.27600002
-0.6128168, -0.78504074, 0.09036809
-0.11891186, 0.20466614, 0.97158206
-0.7812268, 0.5846561, -0.21877348
(18.536655, 49.09711, 0.0)
Frame: 0.293
-0.5935643, -0.8042389, -0.029687345
-0.19330308, 0.106663585, 0.975324
-0.78122693, 0.58465606, -0.2187736
(18.451654, 48.992004, 0.0)
Frame: 0.30900002
-0.56722105, -0.8111784, -0.14230245
-0.26066226, 0.012922347, 0.9653436
-0.78122693, 0.5846561, -0.21877337
(18.371655, 48.887447, 0.0)
Frame: 0.32500002
-0.5332632, -0.8072282, -0.25300726
-0.32452223, -0.08099222, 0.9424041
-0.7812269, 0.58465606, -0.21877325
(18.291655, 48.77778, 0.0)
Frame: 0.342
-0.48935163, -0.79116166, -0.36687633
-0.3875816, -0.17955661, 0.90417916
-0.7812269, 0.58465606, -0.21877337
(18.206654, 48.656006, 0.0)
Frame: 0.359
-0.438025, -0.7631068, -0.4751864
-0.44476804, -0.27540016, 0.85225356
-0.78122693, 0.5846561, -0.21877337
(18.121653, 48.528446, 0.0)
Frame: 0.375
-0.38363934, -0.7261296, -0.5705757
-0.4924484, -0.36181903, 0.791569
-0.7812269, 0.5846561, -0.21877337
(18.041653, 48.402782, 0.0)
Frame: 0.392
-0.3202294, -0.67617434, -0.66350687
-0.53585225, -0.44829178, 0.71546966
-0.7812269, 0.58465606, -0.21877337
(17.956652, 48.264004, 0.0)
Frame: 0.40899998
-0.2519673, -0.6159733, -0.74638414
-0.57113653, -0.5279716, 0.6285292
-0.7812269, 0.5846561, -0.21877325
(17.87165, 48.119446, 0.0)
Frame: 0.42499998
-0.18421364, -0.55076903, -0.81407547
-0.59644777, -0.59567666, 0.5379772
-0.781227, 0.5846561, -0.21877313
(17.79165, 47.97778, 0.0)
Frame: 0.44199997
-0.109537125, -0.4734101, -0.8740049
-0.6145618, -0.65883255, 0.43388224
-0.78122693, 0.58465624, -0.21877337
(17.70665, 47.822002, 0.0)
Frame: 0.45899996
-0.03320074, -0.38887772, -0.920691
-0.6233636, -0.71200526, 0.32321268
-0.781227, 0.5846562, -0.21877337
(17.621649, 47.660446, 0.0)
Frame: 0.47499996
0.0391258, -0.30391103, -0.95189667
-0.6230199, -0.75220704, 0.21454829
-0.7812269, 0.5846562, -0.21877337
(17.541649, 47.50278, 0.0)
Frame: 0.49199995
0.11537492, -0.20919053, -0.9710448
-0.61349255, -0.78384733, 0.095970616
-0.781227, 0.5846561, -0.21877325
(17.456648, 47.33, 0.0)
Frame: 0.50899994
0.1898759, -0.111300334, -0.9754791
-0.59466934, -0.8036103, -0.024061352
-0.781227, 0.5846561, -0.21877325
(17.371647, 47.151447, 0.0)
Frame: 0.52599996
0.26149994, -0.011723727, -0.9651323
-0.5668353, -0.81119657, -0.14372866
-0.78122693, 0.58465606, -0.21877325
(17.286646, 46.967113, 0.0)
Frame: 0.54199994
0.32530975, 0.08218497, -0.94202936
-0.53278327, -0.8071078, -0.2543994
-0.781227, 0.584656, -0.21877325
(17.206646, 46.788002, 0.0)
Frame: 0.55899996
0.38830405, 0.18072537, -0.9036362
-0.48877844, -0.79089546, -0.3682118
-0.781227, 0.584656, -0.21877325
(17.121645, 46.592445, 0.0)
Frame: 0.5749999
0.44223392, 0.27099407, -0.8549804
-0.44058317, -0.76468277, -0.47026262
-0.78122705, 0.584656, -0.21877325
(17.041645, 46.402782, 0.0)
Frame: 0.59199995
0.49301463, 0.36289155, -0.79072523
-0.38291126, -0.7255944, -0.5717446
-0.781227, 0.58465606, -0.21877348
(16.956644, 46.196003, 0.0)
Frame: 0.60899997
0.5363248, 0.44929034, -0.71448857
-0.31943733, -0.6755111, -0.6645632
-0.78122693, 0.584656, -0.21877325
(16.871643, 45.983448, 0.0)
Frame: 0.62499994
0.5696738, 0.52441, -0.63282377
-0.2552573, -0.6190083, -0.7427465
-0.78122693, 0.584656, -0.21877325
(16.791643, 45.777782, 0.0)
Frame: 0.64199996
0.59671915, 0.59648985, -0.5367738
-0.18333207, -0.54988825, -0.81486946
-0.781227, 0.58465606, -0.21877313
(16.706642, 45.554005, 0.0)
Frame: 0.659
0.61472297, 0.6595311, -0.43259028
-0.10862872, -0.47243607, -0.87464494
-0.7812269, 0.58465606, -0.21877325
(16.621641, 45.32445, 0.0)
Frame: 0.67499995
0.62316173, 0.7097504, -0.3285178
-0.036795467, -0.3929782, -0.91881144
-0.781227, 0.5846561, -0.21877337
(16.541641, 45.102783, 0.0)
Frame: 0.692
0.62296116, 0.75265527, -0.2131418
0.040046573, -0.3027997, -0.9522125
-0.781227, 0.5846558, -0.21877372
(16.45664, 44.862003, 0.0)
Frame: 0.709
0.61332124, 0.7841556, -0.09453589
0.11628172, -0.20803261, -0.9711855
-0.78122705, 0.58465594, -0.21877384
(16.37164, 44.615448, 0.0)
Frame: 0.72499996
0.5957545, 0.80295503, 0.018434256
0.18644315, -0.11593413, -0.9756015
-0.781227, 0.58465594, -0.21877372
(16.29164, 44.37778, 0.0)
Frame: 0.742
0.56833416, 0.8111155, 0.13815922
0.2582263, -0.01640284, -0.9659452
-0.7812269, 0.58465594, -0.2187736
(16.206638, 44.120003, 0.0)
Frame: 0.759
0.532302, 0.80698556, 0.25579068
0.3260967, 0.083377, -0.9416523
-0.7812269, 0.5846559, -0.2187736
(16.121637, 43.85645, 0.0)
Frame: 0.775
0.49100995, 0.79192495, 0.3629932
0.3854786, 0.17616004, -0.9057449
-0.7812269, 0.5846559, -0.21877384
(16.041637, 43.602783, 0.0)
Frame: 0.792
0.43992907, 0.76428175, 0.471525
0.4428847, 0.27212304, -0.8542846
-0.78122693, 0.5846558, -0.21877384
(15.956637, 43.328003, 0.0)
Frame: 0.809
0.38218224, 0.7250576, 0.5729121
0.4935799, 0.363963, -0.7898797
-0.781227, 0.5846559, -0.2187736
(15.871637, 43.04745, 0.0)
Frame: 0.825
0.3225255, 0.67809176, 0.6604309
0.5344733, 0.4453864, -0.71831
-0.781227, 0.584656, -0.21877348
(15.791637, 42.777782, 0.0)
Frame: 0.842
0.25441527, 0.618233, 0.74368054
0.5700502, 0.52532405, -0.6317258
-0.78122705, 0.5846559, -0.21877337
(15.706638, 42.486004, 0.0)
Frame: 0.859
0.18244994, 0.5490067, 0.81566143
0.5969895, 0.5973015, -0.5355693
-0.781227, 0.5846559, -0.2187736
(15.621638, 42.188454, 0.0)
Frame: 0.875
0.11217266, 0.47623253, 0.8721352
0.61408603, 0.65679526, -0.43762815
-0.78122705, 0.584656, -0.21877325
(15.541638, 41.902786, 0.0)
Frame: 0.892
0.035874784, 0.39192906, 0.91929567
0.6232153, 0.71033025, -0.32715997
-0.781227, 0.5846559, -0.21877325
(15.456639, 41.59401, 0.0)
Frame: 0.90900004
-0.04096675, 0.301687, 0.95252645
0.6229014, 0.7531018, -0.21173456
-0.781227, 0.584656, -0.21877337
(15.371639, 41.27945, 0.0)
Frame: 0.92600006
-0.1171875, 0.20687342, 0.9713241
0.61314875, 0.78446215, -0.09310071
-0.781227, 0.5846559, -0.21877337
(15.286639, 40.959118, 0.0)
Frame: 0.94200003
-0.18732285, 0.11474721, 0.9755734
0.5954784, 0.8031254, 0.019875765
-0.7812271, 0.58465606, -0.21877325
(15.20664, 40.652008, 0.0)
Frame: 0.95900005
-0.2590654, 0.015204042, 0.96574014
0.5679519, 0.81113887, 0.13958633
-0.78122705, 0.58465594, -0.21877313
(15.12164, 40.32045, 0.0)
Frame: 0.975
-0.32302046, -0.07872136, 0.9431122
0.53417397, 0.80745316, 0.25035504
-0.7812272, 0.58465576, -0.218773
(15.04164, 40.002785, 0.0)
Frame: 0.99200004
-0.38620317, -0.17733037, 0.90520775
0.4904399, 0.7916637, 0.3643313
-0.7812271, 0.5846559, -0.21877313
(14.956641, 39.660007, 0.0)
Frame: 1.0090001
-0.4435339, -0.27325252, 0.85358703
0.4392744, 0.7638786, 0.47278696
-0.7812271, 0.58465594, -0.21877325
(14.871641, 39.31145, 0.0)
Frame: 1.0250001
-0.4913671, -0.35977507, 0.79317105
0.38502306, 0.7271446, 0.56834674
-0.781227, 0.584656, -0.21877325
(14.791641, 38.977783, 0.0)
Frame: 1.042
-0.5349492, -0.44638795, 0.7173333
0.3217355, 0.6774328, 0.6614915
-0.781227, 0.584656, -0.21877325
(14.706642, 38.618008, 0.0)
Frame: 1.059
-0.5704255, -0.5262369, 0.6306262
0.25357276, 0.6174561, 0.7446132
-0.7812269, 0.584656, -0.21877337
(14.621642, 38.25245, 0.0)
Frame: 1.075
-0.59592724, -0.59412503, 0.540265
0.18589053, 0.5524426, 0.8125588
-0.78122693, 0.58465606, -0.21877337
(14.541642, 37.902782, 0.0)
Frame: 1.092
-0.6142514, -0.6574981, 0.43633905
0.11126515, 0.47526163, 0.87278086
-0.781227, 0.58465606, -0.21877348
(14.456643, 37.52601, 0.0)
Frame: 1.109
-0.62326765, -0.7109084, 0.32580122
0.034953922, 0.3908791, 0.9197781
-0.7812269, 0.584656, -0.21877325
(14.371643, 37.14345, 0.0)
Frame: 1.125
-0.6231272, -0.7513492, 0.2172251
-0.037373215, 0.30602574, 0.9512894
-0.781227, 0.584656, -0.21877325
(14.291643, 36.777786, 0.0)
Frame: 1.142
-0.6138146, -0.78325576, 0.098701835
-0.11364883, 0.21139479, 0.97077096
-0.78122693, 0.5846561, -0.21877337
(14.206644, 36.384007, 0.0)
Frame: 1.1589999
-0.595201, -0.80329394, -0.021317035
-0.1882025, 0.113560796, 0.9755427
-0.7812269, 0.58465606, -0.21877337
(14.121644, 35.98445, 0.0)
Frame: 1.175
-0.5694368, -0.81103754, -0.13401368
-0.2557852, 0.01988244, 0.96652913
-0.781227, 0.5846561, -0.21877313
(14.041644, 35.602783, 0.0)
Frame: 1.1919999
-0.5336963, -0.8073357, -0.25174835
-0.32380956, -0.07991409, 0.9427412
-0.781227, 0.58465606, -0.21877313
(13.956645, 35.192005, 0.0)
Frame: 1.2089999
-0.48986888, -0.7914007, -0.36566842
-0.38692746, -0.17849982, 0.9046684
-0.781227, 0.58465606, -0.21877313
(13.871645, 34.775448, 0.0)
Frame: 1.2249999
-0.4418254, -0.765442, -0.46785557
-0.44099286, -0.26884174, 0.8562999
-0.781227, 0.584656, -0.21877337
(13.791645, 34.377785, 0.0)
Frame: 1.2419999
-0.38429654, -0.7266122, -0.56951797
-0.49193537, -0.3608489, 0.79233044
-0.781227, 0.58465594, -0.21877313
(13.706646, 33.950005, 0.0)
Frame: 1.2589998
-0.3209448, -0.67677236, -0.66255075
-0.5354239, -0.4473884, 0.7163552
-0.78122705, 0.584656, -0.218773
(13.621646, 33.51645, 0.0)
Frame: 1.2749999
-0.25685906, -0.6204812, -0.74096334
-0.56895334, -0.5226667, 0.6349108
-0.781227, 0.5846561, -0.21877325
(13.541646, 33.102783, 0.0)
Frame: 1.2919998
-0.18501008, -0.5515642, -0.8133562
-0.5962012, -0.59494066, 0.53906405
-0.78122705, 0.5846561, -0.21877337
(13.456647, 32.658005, 0.0)
Frame: 1.3089998
-0.11035776, -0.47428966, -0.8734246
-0.61441493, -0.6581993, 0.43504918
-0.78122693, 0.5846561, -0.21877313
(13.371647, 32.20745, 0.0)
Frame: 1.3259997
-0.03403318, -0.38982838, -0.9202584
-0.62331873, -0.71148515, 0.32444215
-0.7812269, 0.5846561, -0.21877325
(13.286647, 31.751114, 0.0)
Frame: 1.3419998
0.0382936, -0.30491537, -0.95160925
-0.62307143, -0.75180054, 0.21581954
-0.781227, 0.58465606, -0.21877325
(13.206648, 31.316004, 0.0)
Frame: 1.3589997
0.1145556, -0.21023734, -0.9709157
-0.61364603, -0.7835672, 0.09726749
-0.781227, 0.584656, -0.21877337
(13.121648, 30.848448, 0.0)
Frame: 1.3759997
0.18908167, -0.11237368, -0.9755103
-0.5949223, -0.80346084, -0.022758365
-0.78122693, 0.58465606, -0.21877337
(13.036648, 30.375114, 0.0)
Frame: 1.3919997
0.2566263, -0.018684298, -0.96633005
-0.5690583, -0.81106615, -0.13544147
-0.781227, 0.584656, -0.21877337
(12.956649, 29.924004, 0.0)
Frame: 1.4089997
0.3245979, 0.08110669, -0.94236827
-0.5332173, -0.8072169, -0.2531409
-0.781227, 0.5846561, -0.21877348
(12.871649, 29.439445, 0.0)
Frame: 1.4259996
0.38765097, 0.17966875, -0.9041271
-0.48929664, -0.79113626, -0.36700457
-0.781227, 0.58465606, -0.21877348
(12.786649, 28.949114, 0.0)
Frame: 1.4419997
0.44164515, 0.26997232, -0.85560757
-0.44117337, -0.76504374, -0.46912012
-0.78122693, 0.58465594, -0.21877313
(12.70665, 28.482002, 0.0)
Frame: 1.4589996
0.4925028, 0.3619219, -0.7914882
-0.3835693, -0.7260785, -0.57068783
-0.781227, 0.58465594, -0.21877348
(12.62165, 27.980446, 0.0)
Frame: 1.4759996
0.53589773, 0.4483876, -0.71537566
-0.3201532, -0.6761111, -0.6636083
-0.781227, 0.584656, -0.21877372
(12.53665, 27.473112, 0.0)
Frame: 1.4919996
0.56933236, 0.52358264, -0.6338152
-0.2560178, -0.6197083, -0.7419004
-0.7812268, 0.58465594, -0.21877337
(12.456651, 26.990002, 0.0)
Frame: 1.5089996
0.59647393, 0.5957546, -0.53786176
-0.18412863, -0.5506849, -0.8141515
-0.78122693, 0.5846559, -0.21877372
(12.371651, 26.471445, 0.0)
Frame: 1.5249996
0.61376816, 0.6554527, -0.44007987
-0.1138995, -0.4780786, -0.8709006
-0.78122693, 0.58465594, -0.21877372
(12.291651, 25.977777, 0.0)
Frame: 1.5419996
0.6231121, 0.70922476, -0.32974485
-0.037627578, -0.39392614, -0.9183717
-0.781227, 0.584656, -0.21877372
(12.206652, 25.448, 0.0)
Frame: 1.5589995
0.62301433, 0.7522501, -0.21441323
0.039214343, -0.30380428, -0.951927
-0.7812269, 0.58465606, -0.21877337
(12.121652, 24.912445, 0.0)
Frame: 1.5759995
0.6134763, 0.7838769, -0.095832735
0.115462214, -0.20907938, -0.97105837
-0.7812269, 0.58465624, -0.21877348
(12.036652, 24.37111, 0.0)
Frame: 1.5919995
0.59600323, 0.8027993, 0.017131269
0.18564707, -0.1170063, -0.9756253
-0.7812268, 0.58465624, -0.21877348
(11.956653, 23.855999, 0.0)
Frame: 1.6089995
0.56867886, 0.8110926, 0.13686919
0.2574668, -0.017485857, -0.966129
-0.78122675, 0.5846564, -0.21877325
(11.871653, 23.303444, 0.0)
Frame: 1.6259995
0.53273726, 0.807096, 0.25453296
0.32538542, 0.08229917, -0.9419932
-0.7812269, 0.5846562, -0.21877348
(11.786653, 22.74511, 0.0)
Frame: 1.6419995
0.49152452, 0.7921593, 0.3617834
0.38482234, 0.17510247, -0.9062289
-0.7812269, 0.584656, -0.21877337
(11.706654, 22.213999, 0.0)
Frame: 1.6589994
0.44052047, 0.7646442, 0.4703838
0.44229668, 0.2711022, -0.85491353
-0.7812269, 0.58465606, -0.2187736
(11.621654, 21.644444, 0.0)
Frame: 1.6759994
0.3828414, 0.7255428, 0.57185674
0.49306905, 0.3629943, -0.79064405
-0.7812269, 0.5846561, -0.21877337
(11.5366535, 21.069109, 0.0)
Frame: 1.6919994
0.32323903, 0.67868584, 0.6594711
0.5340422, 0.44448036, -0.7191913
-0.78122693, 0.5846561, -0.21877348
(11.456655, 20.521997, 0.0)
Frame: 1.7089994
0.25517625, 0.6189343, 0.7428361
0.56971025, 0.5244975, -0.63271844
-0.7812269, 0.5846561, -0.21877384
(11.3716545, 19.935442, 0.0)
Frame: 1.7259994
0.18324703, 0.549804, 0.8149454
0.5967455, 0.59656763, -0.53665805
-0.7812268, 0.584656, -0.21877384
(11.286654, 19.34311, 0.0)
Frame: 1.7419994
0.11299229, 0.47710964, 0.87154984
0.61393607, 0.6561583, -0.4387924
-0.78122675, 0.58465606, -0.21877396
(11.2066555, 18.779997, 0.0)
Frame: 1.7589993
0.036706686, 0.39287785, 0.9188579
0.6231673, 0.70980585, -0.3283875
-0.7812268, 0.5846561, -0.21877396
(11.121655, 18.176441, 0.0)
Frame: 1.7759993
-0.040135145, 0.3026929, 0.9522428
0.62295586, 0.75269794, -0.21300657
-0.7812268, 0.5846562, -0.21877396
(11.036655, 17.567108, 0.0)
Frame: 1.7919993
-0.111922026, 0.2135977, 0.97048926
0.61413205, 0.78265786, -0.10143231
-0.78122675, 0.58465606, -0.21877384
(10.956656, 16.987997, 0.0)
Frame: 1.8089993
-0.18652773, 0.11582029, 0.9755989
0.5957282, 0.80297136, 0.018572658
-0.7812268, 0.584656, -0.21877384
(10.871656, 16.367441, 0.0)
Frame: 1.8259993
-0.25830722, 0.016287923, 0.96592546
0.5682975, 0.81111777, 0.13829635
-0.78122675, 0.584656, -0.21877396
(10.786656, 15.741108, 0.0)
Frame: 1.8419993
-0.3223077, -0.0776422, 0.94344556
0.53460497, 0.80755746, 0.24909528
-0.7812269, 0.584656, -0.21877408
(10.706657, 15.145997, 0.0)
Frame: 1.8589993
-0.38554883, -0.17627224, 0.9056933
0.4909552, 0.79189986, 0.36312202
-0.78122675, 0.58465606, -0.21877432
(10.621657, 14.508441, 0.0)
Frame: 1.8759992
-0.44294763, -0.27223134, 0.8542174
0.43986607, 0.76424307, 0.47164637
-0.78122663, 0.58465594, -0.21877432
(10.536657, 13.865108, 0.0)
Frame: 1.8919992
-0.4908533, -0.3588029, 0.7939291
0.38567853, 0.7276248, 0.56728673
-0.78122663, 0.584656, -0.21877444
(10.456658, 13.253997, 0.0)
Frame: 1.9089992
-0.5345199, -0.4454822, 0.71821594
0.3224491, 0.6780287, 0.66053283
-0.78122663, 0.584656, -0.21877456
(10.371658, 12.599441, 0.0)
Frame: 1.9259992
-0.5700873, -0.52541125, 0.6316199
0.25433373, 0.6181588, 0.7437702
-0.7812266, 0.58465606, -0.21877468
(10.286658, 11.939108, 0.0)
Frame: 1.9419992
-0.5956789, -0.59338605, 0.5413496
0.18668553, 0.5532361, 0.81183636
-0.7812266, 0.584656, -0.21877456
(10.206659, 11.311996, 0.0)
Frame: 1.9589992
-0.6141027, -0.65686226, 0.4375042
0.11208466, 0.47613996, 0.87219715
-0.78122663, 0.5846561, -0.21877468
(10.121659, 10.640441, 0.0)
Frame: 1.9759991
-0.62322104, -0.7103854, 0.32702935
0.035785317, 0.391829, 0.9193419
-0.78122663, 0.584656, -0.21877468
(10.036659, 9.963108, 0.0)
Frame: 1.9919991
-0.62317705, -0.75093937, 0.2184954
-0.03654185, 0.30702978, 0.95099807
-0.7812265, 0.584656, -0.21877468
(9.95666, 9.319997, 0.0)
Frame: 2.008999
-0.6139662, -0.78297246, 0.099998176
-0.11282995, 0.21244144, 0.97063786
-0.7812265, 0.58465606, -0.21877456
(9.87166, 8.631441, 0.0)
Frame: 2.025999
-0.59545195, -0.80314153, -0.020014256
-0.18740839, 0.1146341, 0.9755701
-0.78122663, 0.584656, -0.21877456
(9.78666, 7.9371085, 0.0)
Frame: 2.041999
-0.56977797, -0.81101036, -0.1327228
-0.2550256, 0.020966291, 0.966707
-0.7812267, 0.584656, -0.21877456
(9.706661, 7.277997, 0.0)
Frame: 2.058999
-0.5341283, -0.8074419, -0.2504891
-0.32309765, -0.07883525, 0.9430764
-0.78122663, 0.5846561, -0.21877456
(9.621661, 6.572442, 0.0)
Frame: 2.075999
-0.49038494, -0.7916386, -0.3644598
-0.3862741, -0.17744184, 0.90515566
-0.7812266, 0.5846561, -0.21877456
(9.536661, 5.861109, 0.0)
Frame: 2.092999
-0.43921125, -0.76384, -0.47290814
-0.44359738, -0.27336025, 0.85351956
-0.78122663, 0.5846561, -0.21877456
(9.451662, 5.143998, 0.0)
Frame: 2.108999
-0.38495302, -0.72709376, -0.5684591
-0.4914227, -0.35987735, 0.79309005
-0.78122646, 0.5846562, -0.21877456
(9.371662, 4.4634423, 0.0)
Frame: 2.125999
-0.32165897, -0.67736995, -0.6615932
-0.53499603, -0.44648325, 0.7172392
-0.7812265, 0.58465606, -0.21877491
(9.286662, 3.7351093, 0.0)
Frame: 2.141999
-0.25761795, -0.62117916, -0.7401145
-0.5686107, -0.52183676, 0.6358995
-0.78122646, 0.5846562, -0.21877468
(9.206663, 3.0439982, 0.0)
Frame: 2.158999
-0.18580532, -0.55235875, -0.8126353
-0.5959543, -0.59420276, 0.54014957
-0.7812265, 0.58465624, -0.21877456
(9.121663, 2.3044431, 0.0)
Frame: 2.175999
-0.111177444, -0.47516882, -0.8728426
-0.6142677, -0.657565, 0.43621504
-0.78122646, 0.58465624, -0.21877456
(9.036663, 1.5591102, 0.0)
Frame: 2.191999
-0.049227, -0.41510892, -0.9084389
-0.6458274, -0.68058705, 0.345989
-0.7618948, 0.60372674, -0.23458552
(8.871256, 2.059273, -0.04155617)
Frame: 2.208999
0.07450163, -0.2769742, -0.9579848
-0.6625792, -0.73169804, 0.16002153
-0.7452774, 0.6228189, -0.23803008
(8.764686, 2.112862, -0.067671955)
Frame: 2.2259989
0.18208694, -0.15440243, -0.9710841
-0.65909356, -0.7520504, -0.004009962
-0.72968495, 0.6407654, -0.23870432
(8.646047, 2.1606734, -0.09438561)
Frame: 2.241999
0.281551, -0.037458807, -0.9588148
-0.6394867, -0.7523092, -0.15839085
-0.71539205, 0.6577444, -0.23576784
(8.534386, 2.200051, -0.11952786)
Frame: 2.2589989
0.38257754, 0.08524284, -0.9199826
-0.6018498, -0.7324997, -0.31815225
-0.7010073, 0.67540926, -0.22893453
(8.415747, 2.2366402, -0.1462415)
Frame: 2.2759988
0.44106555, 0.16598828, -0.8819915
-0.57038504, -0.7068999, -0.41827413
-0.6929084, 0.68756104, -0.21711183
(8.286288, 2.3103259, -0.17060222)
Frame: 2.2929988
0.51057756, 0.25932002, -0.81979495
-0.52126163, -0.6649004, -0.53497094
-0.68381065, 0.7004718, -0.2043097
(8.162966, 2.3633926, -0.19568141)
Frame: 2.3089988
0.568627, 0.34036845, -0.7488743
-0.46791995, -0.6149075, -0.63477546
-0.67654586, 0.71136373, -0.19038785
(8.0461, 2.4077103, -0.21931738)
Frame: 2.3259988
0.6226951, 0.41913423, -0.66074
-0.40380046, -0.5511675, -0.7301779
-0.67022085, 0.72148526, -0.17396271
(7.921929, 2.4495547, -0.2444306)
Frame: 2.3429987
0.6680082, 0.4889961, -0.5609348
-0.33310044, -0.47756624, -0.81300336
-0.665439, 0.7299406, -0.15613341
(7.7977586, 2.4856215, -0.26954383)
Frame: 2.3589988
0.7019547, 0.5455305, -0.45788214
-0.26164138, -0.40042424, -0.8781823
-0.6624223, 0.73624516, -0.13834631
(7.6808925, 2.5139391, -0.29317978)
Frame: 2.3759987
0.7281842, 0.59481585, -0.34050244
-0.18174024, -0.3114475, -0.93272245
-0.66084665, 0.7410767, -0.11868918
(7.556722, 2.5387836, -0.318293)
Frame: 2.3919988
0.7432127, 0.6303059, -0.22438659
-0.104010016, -0.22245407, -0.96937925
-0.66092116, 0.7437934, -0.09977257
(7.439856, 2.5565457, -0.34192896)
Frame: 2.4089987
0.74865633, 0.6558163, -0.09704995
-0.020093173, -0.12387586, -0.9920943
-0.66265374, 0.7446877, -0.07956302
(7.3156857, 2.570168, -0.36704218)
Frame: 2.4259987
0.7431671, 0.6683301, 0.032210737
0.06376931, -0.022824764, -0.9977037
-0.6660602, 0.74351466, -0.059581637
(7.1915154, 2.5780125, -0.3921554)
Frame: 2.4419987
0.72809625, 0.6680386, 0.15362373
0.1413503, 0.07297623, -0.9872662
-0.67074287, 0.74053955, -0.04129374
(7.0746493, 2.5797746, -0.41579136)
Frame: 2.4589987
0.7018233, 0.65491056, 0.2802431
0.22099082, 0.17382765, -0.9596598
-0.6772054, 0.73544276, -0.022732973
(6.950479, 2.5763967, -0.4409046)
Frame: 2.4759986
0.6654274, 0.62880164, 0.4022623
0.29640847, 0.2720036, -0.9155086
-0.68509007, 0.7284385, -0.0053834915
(6.8263087, 2.5672412, -0.4660178)
Frame: 2.4919987
0.6224864, 0.5927718, 0.51101094
0.36236307, 0.36043966, -0.8595209
-0.69368845, 0.7202116, 0.009570122
(6.7094426, 2.5530033, -0.48965377)
Frame: 2.5089986
0.56838375, 0.5429473, 0.6181813
0.42594567, 0.4486444, -0.7856771
-0.70392483, 0.7098777, 0.02373612
(6.5852723, 2.5326257, -0.514767)
Frame: 2.5259986
0.50646544, 0.48207793, 0.71490806
0.48176154, 0.5294216, -0.69829684
-0.7151213, 0.69807845, 0.035887122
(6.461102, 2.50647, -0.5398802)
Frame: 2.5419986
0.44200695, 0.41564003, 0.79490453
0.5263328, 0.5974099, -0.60504144
-0.72636324, 0.6858168, 0.045294344
(6.344236, 2.476232, -0.56351626)
Frame: 2.5589986
0.368078, 0.33649015, 0.8667716
0.56445163, 0.659919, -0.4958844
-0.7388593, 0.67177474, 0.052969217
(6.2200656, 2.4388545, -0.5886295)
Frame: 2.5759985
0.28979713, 0.24986516, 0.9238967
0.5924083, 0.71134794, -0.3782017
-0.75171137, 0.6569258, 0.058124363
(6.0958953, 2.395699, -0.6137427)
Frame: 2.5929985
0.20851767, 0.15726309, 0.96529204
0.6097199, 0.75080705, -0.25402844
-0.7646974, 0.6415272, 0.060670137
(5.971725, 2.3467655, -0.638856)
Frame: 2.6089985
0.13053888, 0.06608111, 0.98923856
0.61601806, 0.77639693, -0.13315238
-0.7768406, 0.6267704, 0.06064284
(5.854859, 2.2950833, -0.662492)
Frame: 2.6259985
0.04747629, -0.033484638, 0.998311
0.6119801, 0.790869, -0.0025769174
-0.7894469, 0.6110687, 0.058039427
(5.7306886, 2.234928, -0.6876052)
Frame: 2.6419985
-0.029637694, -0.12820894, 0.9913042
0.59814227, 0.79230094, 0.12035416
-0.80084175, 0.59650797, 0.053205192
(5.6138225, 2.17269, -0.71124125)
Frame: 2.6599984
-0.113659024, -0.23410831, 0.96554387
0.5712126, 0.7797596, 0.2563029
-0.8128947, 0.58066195, 0.04509884
(5.482348, 2.0972834, -0.7378317)
Frame: 2.6769984
-0.14034641, -0.2697214, 0.952656
0.5431187, 0.7835238, 0.3018486
-0.8278436, 0.5597686, 0.036525965
(5.406184, 2.2224174, -0.7722537)
Frame: 2.6929984
-0.16785991, -0.3114537, 0.93531805
0.51946634, 0.7784235, 0.35243672
-0.8378412, 0.5450262, 0.031123579
(5.308965, 2.2639189, -0.80332357)
Frame: 2.7099984
-0.20089197, -0.36102283, 0.9106619
0.48932487, 0.7683512, 0.4125502
-0.84864813, 0.5284875, 0.022301793
(5.209339, 2.302785, -0.8355358)
Frame: 2.7269983
-0.2319119, -0.40983823, 0.8821846
0.4568914, 0.75475097, 0.4707454
-0.85875916, 0.5122339, 0.012215793
(5.109713, 2.3358736, -0.8677481)
Frame: 2.7429984
-0.25914097, -0.45489126, 0.85200936
0.424406, 0.7387842, 0.52352417
-0.86759764, 0.49726442, 0.0016092658
(5.015948, 2.361375, -0.89806545)
Frame: 2.7599983
-0.28585494, -0.50160307, 0.8165056
0.38796002, 0.7185297, 0.57723665
-0.8762272, 0.48177743, -0.010793328
(4.9163218, 2.3832412, -0.9302777)
Frame: 2.7769983
-0.31016397, -0.546911, 0.7776161
0.3496906, 0.69497776, 0.62826943
-0.88403326, 0.46679154, -0.02430749
(4.8166957, 2.3993297, -0.96248996)
Frame: 2.7939982
-0.3319559, -0.5906056, 0.73552054
0.30977485, 0.6682371, 0.67638654
-0.8909798, 0.45237616, -0.038870454
(4.71707, 2.4096406, -0.9947022)
Frame: 2.8099983
-0.35007572, -0.6300751, 0.6931467
0.27086818, 0.6402674, 0.71881026
-0.8967036, 0.4393894, -0.053474665
(4.6233044, 2.4136975, -1.0250196)
Frame: 2.8269982
-0.3667041, -0.67006874, 0.645396
0.22828947, 0.60770285, 0.76064515
-0.9018936, 0.4262688, -0.069877505
(4.5236783, 2.412786, -1.0572319)
Frame: 2.8439982
-0.3805542, -0.70787954, 0.5950506
0.1846255, 0.57235324, 0.7989526
-0.9061413, 0.41390622, -0.087118864
(4.4240527, 2.4060967, -1.0894442)
Frame: 2.8599982
-0.39099336, -0.7413154, 0.54550487
0.14271957, 0.5366852, 0.8316249
-0.9092608, 0.40301412, -0.104040146
(4.330287, 2.3941538, -1.1197617)
Frame: 2.8769982
-0.3992784, -0.7743995, 0.49079734
0.09752935, 0.49640703, 0.8625937
-0.9116275, 0.3922822, -0.1226778
(4.230661, 2.3762424, -1.151974)
Frame: 2.8929982
-0.4044007, -0.8031057, 0.43758607
0.05455482, 0.45642036, 0.88809025
-0.9129535, 0.38301662, -0.14076352
(4.1368957, 2.353744, -1.1822914)
Frame: 2.9099982
-0.40697622, -0.83088756, 0.37946817
0.0086247325, 0.4119143, 0.9111818
-0.9133979, 0.37410223, -0.16047311
(4.0372696, 2.3246102, -1.2145038)
Frame: 2.9269981
-0.40658748, -0.85574293, 0.31998557
-0.037374616, 0.36552852, 0.9300495
-0.9128471, 0.36618704, -0.18060243
(3.9376438, 2.2896986, -1.246716)
Frame: 2.9469981
-0.4023372, -0.881083, 0.2486315
-0.09129211, 0.30884165, 0.94672203
-0.9109285, 0.35820338, -0.20469451
(3.8204372, 2.2424366, -1.2846128)
Frame: 2.9599981
-0.3973874, -0.8952191, 0.2016584
-0.1260685, 0.27093053, 0.9543078
-0.90895, 0.353807, -0.22052336
(3.744253, 2.2050664, -1.3092458)
Frame: 2.976998
-0.38833988, -0.91085434, 0.13977286
-0.17104271, 0.22028732, 0.9603217
-0.9055034, 0.34902412, -0.24134135
(3.6446273, 2.1531549, -1.3414581)
Frame: 2.993998
-0.37641358, -0.92319345, 0.07763085
-0.21525547, 0.16865045, 0.9618847
-0.90109813, 0.34535605, -0.26220477
(3.5450015, 2.0954657, -1.3736703)
Frame: 3.009998
-0.36260843, -0.9317446, 0.019166887
-0.25598863, 0.11935681, 0.95928293
-0.8960943, 0.34293753, -0.28179574
(3.4512362, 2.0355227, -1.4039879)
Frame: 3.026998
-0.32227194, -0.9433128, -0.07938364
-0.2796628, 0.014756918, 0.9599849
-0.9043946, 0.33157682, -0.26856518
(3.3557382, 2.0194442, -1.4211824)
Frame: 3.043998
-0.2878034, -0.9435798, -0.16378802
-0.30669, -0.07120943, 0.949142
-0.9072544, 0.32339835, -0.2688923
(3.2587116, 1.97802, -1.4439391)
Frame: 3.059998
-0.3074255, -0.93932676, -0.15216714
-0.30608892, -0.05379653, 0.9504817
-0.900999, 0.3387789, -0.27097905
(3.1965048, 2.0396967, -1.4415829)
Frame: 3.076998
-0.32619023, -0.9349141, -0.13976958
-0.30329594, -0.036533833, 0.9521958
-0.8953277, 0.35298842, -0.27163875
(3.0951645, 2.054824, -1.4490147)
Frame: 3.093998
-0.33734214, -0.930657, -0.141696
-0.30526802, -0.03423965, 0.95165074
-0.8905121, 0.36428714, -0.2725494
(3.0022955, 2.0641735, -1.456509)
Frame: 3.109998
-0.34778702, -0.9265239, -0.14351958
-0.3070977, -0.03205788, 0.9511379
-0.8858529, 0.3748679, -0.2733841
(2.9148893, 2.0673256, -1.4635625)
Frame: 3.126998
-0.35882878, -0.92199826, -0.14546826
-0.30901313, -0.029716253, 0.9505934
-0.8807683, 0.38605195, -0.27424657
(2.8220205, 2.0654526, -1.4710567)
Frame: 3.142998
-0.3691672, -0.9176136, -0.14731237
-0.31078887, -0.027490616, 0.95008135
-0.87585723, 0.3965219, -0.2750355
(2.7346144, 2.0580494, -1.4781102)
Frame: 3.159998
-0.38009238, -0.91282237, -0.14928204
-0.31264663, -0.025102735, 0.94953775
-0.8705067, 0.40758464, -0.27584958
(2.6417453, 2.0449543, -1.4856045)
Frame: 3.176998
-0.39095545, -0.9078952, -0.1512619
-0.3144742, -0.022691369, 0.9489948
-0.86502016, 0.41858262, -0.27663827
(2.5488765, 2.0260813, -1.4930987)
Frame: 3.1939979
-0.40175414, -0.90283304, -0.15325204
-0.31627136, -0.020257354, 0.9484525
-0.8593987, 0.42951393, -0.27740192
(2.4560075, 2.0014307, -1.5005931)
Frame: 3.209998
-0.4206903, -0.89761764, -0.13153794
-0.30640906, 0.0041148663, 0.95189106
-0.8538929, 0.44075584, -0.27676928
(2.3750207, 1.9978914, -1.5060711)
Frame: 3.2269979
-0.43822432, -0.89153147, -0.114592224
-0.2985368, 0.024109364, 0.9540937
-0.8478416, 0.4523169, -0.2767203
(2.2872481, 1.9821142, -1.5123389)
Frame: 3.2439978
-0.43371594, -0.89213693, -0.12642115
-0.28726467, 0.0039226413, 0.9578433
-0.85403144, 0.45174816, -0.25798082
(2.2052965, 1.9863195, -1.5113193)
Frame: 3.2599978
-0.43465614, -0.89101994, -0.1309872
-0.2775023, -0.005861044, 0.9607071
-0.85677683, 0.4539265, -0.24471259
(2.1266344, 1.9782561, -1.5120221)
Frame: 3.2779977
-0.44098115, -0.88951683, -0.1195631
-0.2583424, -0.0017762184, 0.96605176
-0.8595317, 0.45689887, -0.22901654
(2.0414543, 1.9768379, -1.5129739)
Frame: 3.2939978
-0.44621146, -0.88813835, -0.110025525
-0.24158245, 0.0011600852, 0.9703796
-0.8617037, 0.4595747, -0.21507621
(1.965549, 1.9686829, -1.5138127)
Frame: 3.3099978
-0.44722772, -0.88797617, -0.107171506
-0.2243518, -0.00461936, 0.9744972
-0.8658254, 0.45986626, -0.19715309
(1.890307, 1.9590791, -1.5131631)
Frame: 3.3269978
-0.45162153, -0.8873315, -0.093170196
-0.20129135, -4.0066242E-4, 0.9795313
-0.8692063, 0.4611319, -0.17843115
(1.8118894, 1.9493608, -1.5128994)
Frame: 3.3439977
-0.4558431, -0.88662106, -0.07816613
-0.17752558, 0.004511714, 0.9841058
-0.87217635, 0.46247447, -0.15945446
(1.733648, 1.934592, -1.5125877)
Frame: 3.3599977
-0.45459783, -0.8877402, -0.07251245
-0.15306038, -0.0023394823, 0.988214
-0.87744695, 0.46033883, -0.13481426
(1.6611767, 1.9213115, -1.5101172)
Frame: 3.3769977
-0.45608163, -0.8882035, -0.0555346
-0.12301335, 0.0011160374, 0.9924044
-0.8813951, 0.45944887, -0.10976994
(1.5851979, 1.9054381, -1.5081779)
Frame: 3.3939977
-0.45432246, -0.88967574, -0.045477033
-0.0926131, -0.0036025047, 0.9956956
-0.8860101, 0.4565787, -0.08075893
(1.5094292, 1.8857173, -1.5050132)
Frame: 3.4099977
-0.4537605, -0.8907169, -0.026923507
-0.059399337, 8.6545944E-5, 0.9982344
-0.8891419, 0.45455852, -0.052947283
(1.4393247, 1.8660641, -1.5021853)
Frame: 3.4269977
-0.45249295, -0.89174247, -0.0067380667
-0.02365297, 0.0044482946, 0.99971026
-0.89145416, 0.45252126, -0.023105145
(1.3649042, 1.8402671, -1.4991306)
Frame: 3.4439976
-0.44753313, -0.8942448, 0.006368935
0.015518218, -6.4504147E-4, 0.9998795
-0.8941328, 0.44757795, 0.01416564
(1.2914019, 1.814044, -1.4942013)
Frame: 3.4599977
-0.44229364, -0.89668447, 0.018257856
0.052829266, -0.005725503, 0.99858713
-0.895313, 0.44263327, 0.049903512
(1.222266, 1.7840968, -1.489431)
Frame: 3.4769976
-0.45653355, -0.88889027, 0.03809446
0.029821962, 0.027504325, 0.99917674
-0.8892063, 0.45729372, 0.013951778
(1.1642779, 1.7959558, -1.4929291)
Frame: 3.4949975
-0.46965408, -0.8827021, 0.01618886
0.004326254, 0.016035676, 0.9998621
-0.88284, 0.4696593, -0.003712535
(1.1015705, 1.8022542, -1.4949626)
Frame: 3.5099976
-0.47901928, -0.8777772, 0.006888449
-0.011215389, 0.013966918, 0.99983954
-0.8777326, 0.4788653, -0.016534925
(1.048219, 1.797115, -1.496299)
Frame: 3.5269976
-0.48049355, -0.87682164, -0.017610013
-0.014542192, -0.012111425, 0.999821
-0.87687784, 0.48066348, -0.0069315434
(0.992202, 1.8027701, -1.4940351)
Frame: 3.5439975
-0.48818588, -0.87267506, -0.010617256
-0.0062983334, -0.008642316, 0.99994284
-0.8727169, 0.48822492, -0.0012773275
(0.9397708, 1.8157581, -1.4898503)
Frame: 3.5599976
-0.49473548, -0.868992, -0.009469479
-0.002064705, -0.009721041, 0.9999505
-0.8690411, 0.49473056, 0.0030151606
(0.88929695, 1.8182281, -1.4866182)
Frame: 3.5769975
-0.50190246, -0.86490524, -0.0057500303
0.0040312707, -0.008987188, 0.9999515
-0.8649149, 0.5018549, 0.007997334
(0.8361719, 1.8174708, -1.4828804)
Frame: 3.5939975
-0.5110706, -0.8595346, -0.0026798844
-3.3143163E-4, -0.0029207468, 0.9999957
-0.85953873, 0.5110692, 0.0012077689
(0.7847629, 1.8182205, -1.4815053)
Frame: 3.6109974
-0.52006733, -0.85412526, 4.708469E-4
-0.004690081, 0.003406942, 0.99998325
-0.8541125, 0.5200563, -0.005777836
(0.73329765, 1.8133812, -1.4802636)
Frame: 3.6269975
-0.52923894, -0.8483852, 0.012202799
-0.0016771853, 0.015428066, 0.9998796
-0.8484713, 0.52915466, -0.009588122
(0.6867158, 1.8088043, -1.4775625)
Frame: 3.6439974
-0.5320308, -0.8466666, 0.009945542
0.00946486, 0.0057983994, 0.9999384
-0.84667206, 0.5320923, 0.004928589
(0.6398465, 1.8092225, -1.4720225)
Frame: 3.6599975
-0.53744924, -0.8432789, -0.00537318
0.0041123033, -0.008992314, 0.99995106
-0.843286, 0.5374009, 0.008300841
(0.59645826, 1.8071239, -1.4677607)
Frame: 3.6769974
-0.54641426, -0.83740056, -0.013855636
-0.011839509, -0.008818865, 0.99989104
-0.8374315, 0.5465187, -0.0050957203
(0.5527001, 1.8097252, -1.4668311)
Frame: 3.6939974
-0.55548, -0.8315197, -0.004071921
-0.009751648, 0.0016177297, 0.99995106
-0.8314725, 0.5554927, -0.0090072155
(0.5125061, 1.8160486, -1.4626777)
Frame: 3.7099974
-0.5638195, -0.8258947, 0.0023446083
-0.00962916, 0.009412229, 0.9999093
-0.82584184, 0.56374586, -0.013259411
(0.47394532, 1.81417, -1.4590212)
Frame: 3.7269974
-0.5677278, -0.82321644, -4.467368E-5
-0.0029192865, 0.0019590259, 0.99999386
-0.8232112, 0.5677244, -0.003515482
(0.43530607, 1.8156964, -1.4530795)
Frame: 3.7439973
-0.572101, -0.8201817, -0.0016491115
0.003136903, -0.0041987896, 0.9999863
-0.8201773, 0.5720879, 0.004974842
(0.39637825, 1.8106319, -1.4472463)
Frame: 3.7599974
-0.5773982, -0.8164207, 0.008290321
0.015052736, -4.924536E-4, 0.99988663
-0.816324, 0.5774574, 0.012573659
(0.3615482, 1.806841, -1.4410807)
Frame: 3.7769973
-0.5868032, -0.80961514, 0.013619423
0.008002907, 0.011020005, 0.99990726
-0.8096901, 0.5868578, 1.2636185E-5
(0.3271492, 1.80865, -1.4385931)
Frame: 3.7939973
-0.5954797, -0.8033701, 4.913807E-4
-0.005530834, 0.0047112703, 0.99997354
-0.8033512, 0.59546137, -0.0072487593
(0.29361096, 1.8079504, -1.4349359)
Frame: 3.8099973
-0.5985141, -0.8010161, -0.012422472
-0.00580284, -0.01117146, 0.99992085
-0.8010913, 0.59853876, 0.002038002
(0.2642408, 1.8087322, -1.4294078)
Frame: 3.8279972
-0.60627127, -0.79524827, -0.0038849115
0.0026278794, -0.0068883896, 0.9999727
-0.7952534, 0.6062447, 0.0062661767
(0.23464277, 1.8147076, -1.4218765)
Frame: 3.8439972
-0.6139494, -0.7893398, -0.0029563606
-0.0014271438, -0.0026352406, 0.99999547
-0.78934395, 0.61395097, 4.914999E-4
(0.20816727, 1.8159418, -1.417889)
Frame: 3.8599973
-0.6212996, -0.78356415, 0.0037240982
0.0014387965, 0.0036119223, 0.9999924
-0.7835717, 0.62130034, -0.0011166334
(0.18258911, 1.8135483, -1.4126191)
Frame: 3.8769972
-0.6290157, -0.7773614, -0.0069696903
-0.00796631, -0.0025193691, 0.9999651
-0.7773518, 0.6290493, -0.004608035
(0.1565433, 1.8109608, -1.4071015)
Frame: 3.8939972
-0.6368774, -0.77095675, 0.0035924315
-0.0023773313, 0.0066235065, 0.9999752
-0.77096146, 0.6368531, -0.0060511827
(0.134091, 1.8121153, -1.4010253)
Frame: 3.9099972
-0.64074874, -0.76774395, 0.0032356977
0.004990548, 4.9352646E-5, 0.9999876
-0.7677346, 0.6407567, 0.0037997365
(0.11369577, 1.8110278, -1.3939289)
Frame: 3.9269972
-0.64576876, -0.76348174, -0.00884667
-3.874302E-7, -0.011586189, 0.9999328
-0.763533, 0.6457254, 0.007481754
(0.092575625, 1.8076552, -1.3865502)
Frame: 3.9439971
-0.65331507, -0.7568853, -0.017436445
-0.014819652, -0.010241628, 0.9998377
-0.756941, 0.6534675, -0.0045257807
(0.07325482, 1.8092359, -1.3841901)
Frame: 3.9599972
-0.658566, -0.75249064, -0.0069791973
-0.009278446, -0.0011540651, 0.9999563
-0.75246584, 0.65860194, -0.0062218904
(0.059500854, 1.8148268, -1.3814228)
Frame: 3.9769971
-0.66467357, -0.747134, 2.3284554E-4
-0.0070050955, 0.0065435767, 0.9999541
-0.7471012, 0.6646414, -0.009583235
(0.043673363, 1.8123695, -1.3778037)
Frame: 3.993997
-0.66676426, -0.7452681, 8.690059E-4
0.0013948381, -8.177757E-5, 0.999999
-0.7452674, 0.6667648, 0.0010941029
(0.030195057, 1.8123103, -1.3724387)
Animate table-top
Frame: 0.0
1.0, 0.0, 0.0
0.0, 1.0, 0.0
0.0, 0.0, 1.0
(0.0, 0.0, 0.0)
Frame: 0.032
1.0, 0.0, 0.0
0.0, 1.0, 0.0
0.0, 0.0, 1.0
(0.0, 0.0, 0.0)
Frame: 0.043
1.0, 0.0, 0.0
0.0, 1.0, 0.0
0.0, 0.0, 1.0
(0.0, 0.0, 0.0)
Frame: 0.060000002
1.0, 0.0, 0.0
0.0, 1.0, 0.0
0.0, 0.0, 1.0
(0.0, 0.0, 0.0)
Frame: 0.075
1.0, 0.0, 0.0
0.0, 1.0, 0.0
0.0, 0.0, 1.0
(0.0, 0.0, 0.0)
Frame: 0.095
1.0, 0.0, 0.0
0.0, 1.0, 0.0
0.0, 0.0, 1.0
(0.0, 0.0, 0.0)
Frame: 0.109
1.0, 0.0, 0.0
0.0, 1.0, 0.0
0.0, 0.0, 1.0
(0.0, 0.0, 0.0)
Frame: 0.126
1.0, 0.0, 0.0
0.0, 1.0, 0.0
0.0, 0.0, 1.0
(0.0, 0.0, 0.0)
Frame: 0.143
1.0, 0.0, 0.0
0.0, 1.0, 0.0
0.0, 0.0, 1.0
(0.0, 0.0, 0.0)
Frame: 0.15900001
1.0, 0.0, 0.0
0.0, 1.0, 0.0
0.0, 0.0, 1.0
(0.0, 0.0, 0.0)
Frame: 0.17600001
1.0, 0.0, 0.0
0.0, 1.0, 0.0
0.0, 0.0, 1.0
(0.0, 0.0, 0.0)
Frame: 0.19200002
1.0, 0.0, 0.0
0.0, 1.0, 0.0
0.0, 0.0, 1.0
(0.0, 0.0, 0.0)
Frame: 0.20900002
1.0, 0.0, 0.0
0.0, 1.0, 0.0
0.0, 0.0, 1.0
(0.0, 0.0, 0.0)
Frame: 0.22500002
1.0, 0.0, 0.0
0.0, 1.0, 0.0
0.0, 0.0, 1.0
(0.0, 0.0, 0.0)
Frame: 0.24200003
1.0, 0.0, 0.0
0.0, 1.0, 0.0
0.0, 0.0, 1.0
(0.0, 0.0, 0.0)
Frame: 0.25900003
1.0, 0.0, 0.0
0.0, 1.0, 0.0
0.0, 0.0, 1.0
(0.0, 0.0, 0.0)
Frame: 0.27600002
1.0, 0.0, 0.0
0.0, 1.0, 0.0
0.0, 0.0, 1.0
(0.0, 0.0, 0.0)
Frame: 0.293
1.0, 0.0, 0.0
0.0, 1.0, 0.0
0.0, 0.0, 1.0
(0.0, 0.0, 0.0)
Frame: 0.30900002
1.0, 0.0, 0.0
0.0, 1.0, 0.0
0.0, 0.0, 1.0
(0.0, 0.0, 0.0)
Frame: 0.32500002
1.0, 0.0, 0.0
0.0, 1.0, 0.0
0.0, 0.0, 1.0
(0.0, 0.0, 0.0)
Frame: 0.342
1.0, 0.0, 0.0
0.0, 1.0, 0.0
0.0, 0.0, 1.0
(0.0, 0.0, 0.0)
Frame: 0.359
1.0, 0.0, 0.0
0.0, 1.0, 0.0
0.0, 0.0, 1.0
(0.0, 0.0, 0.0)
Frame: 0.375
1.0, 0.0, 0.0
0.0, 1.0, 0.0
0.0, 0.0, 1.0
(0.0, 0.0, 0.0)
Frame: 0.392
1.0, 0.0, 0.0
0.0, 1.0, 0.0
0.0, 0.0, 1.0
(0.0, 0.0, 0.0)
Frame: 0.40899998
1.0, 0.0, 0.0
0.0, 1.0, 0.0
0.0, 0.0, 1.0
(0.0, 0.0, 0.0)
Frame: 0.42499998
1.0, 0.0, 0.0
0.0, 1.0, 0.0
0.0, 0.0, 1.0
(0.0, 0.0, 0.0)
Frame: 0.44199997
1.0, 0.0, 0.0
0.0, 1.0, 0.0
0.0, 0.0, 1.0
(0.0, 0.0, 0.0)
Frame: 0.45899996
1.0, 0.0, 0.0
0.0, 1.0, 0.0
0.0, 0.0, 1.0
(0.0, 0.0, 0.0)
Frame: 0.47499996
1.0, 0.0, 0.0
0.0, 1.0, 0.0
0.0, 0.0, 1.0
(0.0, 0.0, 0.0)
Frame: 0.49199995
1.0, 0.0, 0.0
0.0, 1.0, 0.0
0.0, 0.0, 1.0
(0.0, 0.0, 0.0)
Frame: 0.50899994
1.0, 0.0, 0.0
0.0, 1.0, 0.0
0.0, 0.0, 1.0
(0.0, 0.0, 0.0)
Frame: 0.52599996
1.0, 0.0, 0.0
0.0, 1.0, 0.0
0.0, 0.0, 1.0
(0.0, 0.0, 0.0)
Frame: 0.54199994
1.0, 0.0, 0.0
0.0, 1.0, 0.0
0.0, 0.0, 1.0
(0.0, 0.0, 0.0)
Frame: 0.55899996
1.0, 0.0, 0.0
0.0, 1.0, 0.0
0.0, 0.0, 1.0
(0.0, 0.0, 0.0)
Frame: 0.5749999
1.0, 0.0, 0.0
0.0, 1.0, 0.0
0.0, 0.0, 1.0
(0.0, 0.0, 0.0)
Frame: 0.59199995
1.0, 0.0, 0.0
0.0, 1.0, 0.0
0.0, 0.0, 1.0
(0.0, 0.0, 0.0)
Frame: 0.60899997
1.0, 0.0, 0.0
0.0, 1.0, 0.0
0.0, 0.0, 1.0
(0.0, 0.0, 0.0)
Frame: 0.62499994
1.0, 0.0, 0.0
0.0, 1.0, 0.0
0.0, 0.0, 1.0
(0.0, 0.0, 0.0)
Frame: 0.64199996
1.0, 0.0, 0.0
0.0, 1.0, 0.0
0.0, 0.0, 1.0
(0.0, 0.0, 0.0)
Frame: 0.659
1.0, 0.0, 0.0
0.0, 1.0, 0.0
0.0, 0.0, 1.0
(0.0, 0.0, 0.0)
